miliseg,AcX,AcY,AcZ,GyX,GyY,GyZ
2099395,1.84,-3.14,-8.62,-0.08,0.06,-0.01
2099409,1.86,-3.15,-8.61,-0.08,0.05,-0.01
2099422,1.89,-3.16,-8.69,-0.09,0.04,-0.0
2099436,1.9,-3.15,-8.63,-0.11,0.03,-0.0
2099450,1.9,-3.07,-8.64,-0.12,0.02,-0.01
2099463,1.87,-2.97,-8.6,-0.12,0.01,-0.01
2099477,1.83,-2.91,-8.51,-0.11,0.01,-0.02
2099491,1.83,-2.94,-8.55,-0.1,0.02,-0.02
2099504,1.85,-2.95,-8.6,-0.09,0.04,-0.01
2099518,1.9,-3.01,-8.63,-0.07,0.05,0.0
2099532,1.95,-3.04,-8.63,-0.08,0.05,0.0
2099545,1.96,-3.03,-8.59,-0.09,0.04,-0.01
2099559,1.94,-3.0,-8.6,-0.12,0.02,-0.02
2099573,1.88,-2.91,-8.64,-0.14,0.01,-0.03
2099586,1.86,-2.89,-8.64,-0.12,0.01,-0.03
2099600,1.85,-2.86,-8.65,-0.09,0.02,-0.02
2099614,1.87,-2.91,-8.63,-0.05,0.03,-0.01
2099627,1.91,-2.99,-8.6,-0.04,0.03,-0.01
2099641,1.94,-3.19,-8.65,-0.08,0.03,-0.03
2099655,1.92,-3.23,-8.64,-0.15,0.02,-0.05
2099668,1.89,-3.14,-8.65,-0.2,0.01,-0.06
2099682,1.91,-3.01,-8.66,-0.19,-0.01,-0.05
2099696,1.89,-2.97,-8.68,-0.13,-0.01,-0.04
2099710,1.86,-3.0,-8.68,-0.07,0.0,-0.01
2099723,1.91,-3.02,-8.66,-0.04,0.01,0.01
2099737,1.92,-3.11,-8.69,-0.03,0.01,0.01
2099751,1.94,-3.18,-8.69,-0.04,0.01,0.0
2099764,1.99,-3.22,-8.64,-0.09,-0.01,-0.01
2099778,1.89,-3.23,-8.6,-0.13,-0.03,-0.02
2099792,1.86,-3.09,-8.58,-0.15,-0.05,-0.02
2099805,1.84,-3.01,-8.6,-0.12,-0.04,-0.02
2099819,1.83,-3.0,-8.57,-0.07,-0.02,0.0
2099833,1.81,-3.02,-8.52,-0.04,0.0,0.03
2099846,1.83,-3.01,-8.51,-0.02,0.02,0.04
2099860,1.89,-3.03,-8.47,-0.03,0.02,0.03
2099874,1.91,-3.05,-8.5,-0.06,0.02,0.01
2099887,1.88,-3.07,-8.5,-0.11,0.01,-0.01
2099901,1.88,-3.05,-8.48,-0.15,-0.0,-0.02
2099915,1.86,-2.94,-8.46,-0.16,-0.01,-0.02
2099928,1.81,-2.83,-8.41,-0.13,-0.01,-0.01
2099942,1.82,-2.84,-8.4,-0.09,0.0,-0.01
2099956,1.8,-2.89,-8.43,-0.06,0.03,-0.01
2099969,1.79,-2.99,-8.45,-0.06,0.05,-0.01
2099983,1.79,-3.06,-8.46,-0.08,0.06,-0.02
2099997,1.84,-3.09,-8.49,-0.1,0.05,-0.02
2100010,1.85,-3.03,-8.5,-0.1,0.04,-0.02
2100024,1.83,-3.03,-8.51,-0.1,0.04,-0.01
2100038,1.82,-3.04,-8.54,-0.11,0.05,-0.02
2100051,1.85,-3.01,-8.52,-0.11,0.05,-0.02
2100065,1.88,-3.06,-8.57,-0.11,0.06,-0.03
2100079,1.91,-3.05,-8.66,-0.1,0.07,-0.02
2100093,1.97,-3.06,-8.69,-0.09,0.08,-0.01
2100107,2.02,-3.08,-8.68,-0.09,0.07,-0.01
2100120,2.03,-3.09,-8.69,-0.09,0.05,-0.01
2100134,2.04,-3.11,-8.72,-0.1,0.03,-0.01
2100148,2.02,-3.17,-8.76,-0.12,0.02,-0.02
2100161,1.99,-3.2,-8.71,-0.14,0.01,-0.03
2100175,1.98,-3.16,-8.7,-0.16,0.0,-0.03
2100189,1.98,-3.11,-8.7,-0.15,-0.0,-0.03
2100202,1.95,-3.05,-8.65,-0.12,0.01,-0.01
2100216,1.98,-3.04,-8.64,-0.09,0.02,0.0
2100230,1.94,-3.09,-8.62,-0.06,0.02,0.01
2100243,1.93,-3.13,-8.66,-0.06,0.02,0.01
2100257,1.95,-3.18,-8.68,-0.08,0.01,0.01
2100271,1.98,-3.23,-8.68,-0.12,0.01,0.0
2100284,1.96,-3.24,-8.71,-0.16,-0.01,-0.0
2100298,1.95,-3.11,-8.65,-0.18,-0.02,-0.0
2100312,1.96,-2.89,-8.61,-0.16,-0.03,0.01
2100325,1.91,-2.8,-8.59,-0.11,-0.02,0.02
2100339,1.93,-2.84,-8.61,-0.07,-0.0,0.02
2100353,1.91,-2.91,-8.56,-0.05,0.01,0.02
2100366,1.86,-2.93,-8.54,-0.06,-0.0,0.01
2100380,1.86,-2.95,-8.51,-0.06,-0.01,0.01
2100394,1.88,-2.96,-8.51,-0.08,-0.02,-0.0
2100407,1.85,-2.99,-8.51,-0.09,-0.01,-0.01
2100421,1.83,-3.01,-8.51,-0.1,-0.01,-0.01
2100435,1.84,-3.01,-8.54,-0.1,0.01,-0.01
2100448,1.86,-2.96,-8.56,-0.08,0.02,-0.0
2100462,1.87,-2.92,-8.55,-0.06,0.02,0.0
2100476,1.91,-2.93,-8.58,-0.05,0.02,0.01
2100489,1.92,-3.02,-8.55,-0.07,0.01,-0.01
2100503,1.92,-3.04,-8.57,-0.1,-0.01,-0.02
2100517,1.91,-3.03,-8.55,-0.14,-0.01,-0.04
2100530,1.9,-2.94,-8.54,-0.14,-0.01,-0.04
2100544,1.9,-2.88,-8.58,-0.12,0.0,-0.04
2100558,1.88,-2.96,-8.54,-0.09,0.01,-0.03
2100571,1.84,-3.09,-8.57,-0.1,0.02,-0.04
2100585,1.9,-3.14,-8.6,-0.12,0.01,-0.04
2100599,1.89,-3.12,-8.58,-0.15,-0.0,-0.04
2100612,1.88,-3.07,-8.57,-0.14,-0.01,-0.04
2100626,1.88,-3.03,-8.62,-0.12,-0.01,-0.03
2100640,1.88,-3.07,-8.61,-0.08,-0.0,-0.02
2100654,1.93,-3.08,-8.61,-0.06,0.01,-0.01
2100667,1.9,-3.09,-8.6,-0.06,0.01,-0.0
2100681,1.92,-3.11,-8.56,-0.08,0.0,-0.01
2100695,1.92,-3.09,-8.59,-0.1,-0.0,-0.02
2100708,1.91,-3.06,-8.56,-0.11,-0.01,-0.03
2100722,1.91,-3.06,-8.55,-0.11,-0.01,-0.02
2100736,1.87,-3.02,-8.5,-0.1,-0.01,-0.02
2100749,1.85,-2.99,-8.46,-0.09,-0.01,-0.01
2100763,1.85,-2.98,-8.46,-0.07,-0.0,-0.01
2100777,1.81,-3.02,-8.48,-0.07,0.01,-0.02
2100790,1.8,-3.07,-8.51,-0.07,0.02,-0.02
2100804,1.85,-3.14,-8.48,-0.08,0.03,-0.02
2100818,1.88,-3.19,-8.48,-0.1,0.03,-0.02
2100831,1.88,-3.21,-8.57,-0.11,0.03,-0.02
2100845,1.87,-3.18,-8.6,-0.12,0.02,-0.02
2100859,1.87,-3.12,-8.63,-0.12,0.02,-0.02
2100872,1.85,-3.06,-8.62,-0.11,0.01,-0.01
2100886,1.83,-3.03,-8.6,-0.09,0.01,-0.0
2100900,1.84,-3.05,-8.62,-0.07,0.0,-0.0
2100913,1.91,-3.13,-8.61,-0.07,0.01,0.0
2100927,1.92,-3.17,-8.64,-0.08,0.02,-0.0
2100941,1.92,-3.2,-8.59,-0.11,0.02,-0.01
2100954,1.87,-3.15,-8.58,-0.13,-0.0,-0.01
2100968,1.87,-3.0,-8.53,-0.14,-0.01,-0.01
2100982,1.86,-2.92,-8.53,-0.11,-0.01,-0.01
2100995,1.83,-2.94,-8.53,-0.08,0.01,0.0
2101009,1.84,-3.0,-8.56,-0.05,0.03,0.01
2101023,1.85,-3.08,-8.55,-0.05,0.04,0.01
2101036,1.92,-3.08,-8.61,-0.07,0.04,0.0
2101050,1.97,-3.05,-8.64,-0.1,0.03,-0.0
2101064,1.96,-3.0,-8.65,-0.12,0.02,-0.02
2101077,1.97,-2.97,-8.62,-0.12,0.01,-0.03
2101091,1.97,-2.92,-8.61,-0.11,-0.01,-0.03
2101105,1.94,-2.95,-8.59,-0.09,-0.01,-0.03
2101118,1.93,-2.94,-8.58,-0.08,-0.01,-0.02
2101132,1.91,-2.95,-8.55,-0.06,-0.0,-0.02
2101146,1.93,-3.05,-8.58,-0.05,0.01,-0.03
2101159,1.94,-3.27,-8.63,-0.1,0.01,-0.05
2101173,1.94,-3.34,-8.53,-0.17,-0.01,-0.06
2101187,1.88,-3.21,-8.53,-0.22,-0.03,-0.07
2101201,1.84,-3.0,-8.52,-0.2,-0.04,-0.05
2101214,1.86,-2.89,-8.53,-0.13,-0.01,-0.04
2101228,1.84,-3.0,-8.54,-0.07,0.01,-0.03
2101242,1.89,-3.13,-8.54,-0.05,0.03,-0.02
2101255,1.95,-3.22,-8.49,-0.08,0.03,-0.02
2101269,1.95,-3.25,-8.52,-0.12,0.01,-0.03
2101283,1.89,-3.16,-8.53,-0.14,-0.0,-0.03
2101296,1.85,-3.09,-8.54,-0.14,-0.01,-0.02
2101310,1.83,-3.02,-8.52,-0.11,-0.0,-0.01
2101324,1.87,-2.96,-8.5,-0.07,0.01,-0.0
2101337,1.87,-3.01,-8.47,-0.05,0.02,0.0
2101351,1.87,-3.05,-8.54,-0.04,0.04,-0.0
2101365,1.93,-3.1,-8.57,-0.05,0.05,-0.0
2101378,1.95,-3.15,-8.56,-0.08,0.04,-0.01
2101392,1.98,-3.18,-8.55,-0.1,0.02,-0.02
2101406,1.93,-3.1,-8.59,-0.11,0.0,-0.02
2101419,1.91,-3.04,-8.59,-0.11,-0.0,-0.02
2101433,1.87,-3.01,-8.52,-0.09,0.0,-0.01
2101447,1.86,-3.05,-8.54,-0.07,0.02,-0.01
2101460,1.89,-3.11,-8.6,-0.05,0.04,-0.0
2101474,1.92,-3.2,-8.64,-0.06,0.05,0.0
2101488,1.98,-3.21,-8.61,-0.09,0.05,0.0
2101501,2.01,-3.16,-8.62,-0.11,0.02,-0.0
2101515,1.98,-3.12,-8.63,-0.12,-0.0,-0.01
2101529,1.94,-3.07,-8.62,-0.13,-0.01,-0.02
2101543,1.89,-3.07,-8.61,-0.12,-0.01,-0.02
2101557,1.89,-3.06,-8.58,-0.09,0.0,-0.01
2101570,1.91,-3.09,-8.6,-0.08,0.01,-0.0
2101584,1.92,-3.15,-8.62,-0.08,0.02,0.0
2101598,1.94,-3.2,-8.65,-0.1,0.02,-0.0
2101611,1.94,-3.16,-8.65,-0.13,0.01,-0.01
2101625,1.94,-3.1,-8.6,-0.14,-0.01,-0.02
2101639,1.91,-3.06,-8.59,-0.13,-0.02,-0.02
2101652,1.9,-3.03,-8.61,-0.11,-0.02,-0.02
2101666,1.89,-3.03,-8.58,-0.08,-0.01,-0.0
2101680,1.9,-3.03,-8.57,-0.06,0.0,0.01
2101693,1.94,-3.1,-8.49,-0.05,-0.0,0.01
2101707,1.92,-3.16,-8.54,-0.07,-0.01,0.0
2101721,1.9,-3.23,-8.51,-0.13,-0.01,-0.02
2101734,1.87,-3.22,-8.54,-0.18,-0.01,-0.04
2101748,1.87,-3.13,-8.54,-0.21,-0.02,-0.05
2101762,1.84,-3.01,-8.55,-0.18,-0.02,-0.04
2101775,1.83,-2.97,-8.56,-0.13,-0.01,-0.02
2101789,1.88,-2.92,-8.57,-0.08,-0.0,0.01
2101803,1.82,-2.99,-8.58,-0.06,0.01,0.01
2101816,1.85,-3.08,-8.54,-0.07,0.01,0.0
2101830,1.9,-3.12,-8.6,-0.1,0.01,-0.01
2101844,1.92,-3.07,-8.55,-0.13,-0.0,-0.02
2101857,1.89,-3.0,-8.55,-0.13,-0.02,-0.02
2101871,1.84,-2.96,-8.6,-0.11,-0.01,-0.02
2101885,1.87,-2.95,-8.57,-0.07,-0.0,-0.0
2101898,1.87,-3.0,-8.51,-0.04,0.0,0.01
2101912,1.89,-3.05,-8.5,-0.03,0.0,0.02
2101926,1.89,-3.12,-8.51,-0.06,0.0,0.0
2101939,1.89,-3.23,-8.49,-0.12,0.01,-0.02
2101953,1.87,-3.18,-8.52,-0.19,0.01,-0.05
2101967,1.87,-3.06,-8.6,-0.21,0.01,-0.05
2101980,1.88,-2.93,-8.58,-0.17,0.01,-0.04
2101994,1.87,-2.91,-8.62,-0.1,0.01,-0.01
2102008,1.86,-2.97,-8.63,-0.05,0.01,0.01
2102021,1.88,-3.02,-8.64,-0.04,0.01,0.02
2102035,1.89,-3.09,-8.64,-0.06,0.01,0.01
2102049,1.9,-3.13,-8.61,-0.1,0.01,-0.01
2102062,1.88,-3.13,-8.62,-0.13,0.0,-0.02
2102076,1.9,-3.01,-8.61,-0.13,-0.01,-0.02
2102090,1.9,-2.93,-8.58,-0.11,-0.01,-0.01
2102103,1.93,-2.88,-8.55,-0.07,-0.0,0.0
2102117,1.91,-2.89,-8.55,-0.05,0.0,-0.0
2102131,1.84,-2.96,-8.51,-0.05,-0.01,-0.02
2102145,1.83,-3.01,-8.45,-0.08,-0.02,-0.04
2102158,1.84,-3.07,-8.41,-0.11,-0.02,-0.05
2102172,1.82,-3.09,-8.49,-0.13,-0.0,-0.05
2102186,1.78,-3.17,-8.47,-0.14,0.02,-0.05
2102199,1.81,-3.19,-8.55,-0.13,0.03,-0.04
2102213,1.9,-3.13,-8.6,-0.12,0.04,-0.03
2102227,1.9,-3.04,-8.61,-0.11,0.03,-0.02
2102240,1.91,-3.02,-8.63,-0.1,0.02,-0.02
2102254,1.93,-3.05,-8.62,-0.09,0.01,-0.02
2102268,1.86,-3.09,-8.57,-0.09,-0.0,-0.02
2102281,1.85,-3.08,-8.52,-0.1,-0.01,-0.03
2102295,1.83,-3.11,-8.52,-0.09,-0.01,-0.03
2102309,1.85,-3.17,-8.56,-0.09,0.01,-0.03
2102322,1.87,-3.22,-8.56,-0.11,0.03,-0.02
2102336,1.94,-3.16,-8.58,-0.12,0.04,-0.01
2102350,1.93,-3.05,-8.58,-0.11,0.03,-0.01
2102363,1.93,-2.98,-8.6,-0.09,0.02,-0.0
2102377,1.93,-2.96,-8.65,-0.07,0.01,-0.0
2102391,1.97,-3.01,-8.64,-0.07,0.01,-0.01
2102404,1.93,-3.08,-8.65,-0.09,-0.0,-0.02
2102418,1.92,-3.1,-8.63,-0.1,-0.0,-0.02
2102432,1.92,-3.09,-8.56,-0.12,-0.01,-0.02
2102445,1.92,-3.05,-8.52,-0.11,-0.0,-0.02
2102459,1.89,-2.98,-8.47,-0.1,-0.0,-0.02
2102473,1.87,-2.99,-8.47,-0.09,0.0,-0.01
2102486,1.85,-3.04,-8.56,-0.08,0.02,-0.02
2102500,1.88,-3.12,-8.56,-0.08,0.03,-0.02
2102514,1.91,-3.18,-8.6,-0.1,0.03,-0.02
2102527,1.95,-3.13,-8.62,-0.1,0.02,-0.02
2102541,1.95,-3.06,-8.58,-0.1,-0.0,-0.01
2102555,1.91,-3.05,-8.59,-0.09,-0.01,-0.01
2102568,1.88,-3.11,-8.64,-0.08,0.0,-0.01
2102582,1.89,-3.15,-8.64,-0.1,0.02,-0.01
2102596,1.91,-3.14,-8.63,-0.11,0.02,-0.01
2102609,1.92,-3.09,-8.6,-0.1,0.01,-0.01
2102623,1.91,-3.04,-8.56,-0.08,-0.01,-0.0
2102637,1.83,-3.03,-8.57,-0.08,-0.01,-0.0
2102650,1.86,-3.03,-8.6,-0.07,-0.0,-0.0
2102664,1.88,-3.12,-8.62,-0.07,0.01,-0.0
2102678,1.94,-3.16,-8.57,-0.08,0.02,-0.0
2102692,1.87,-3.14,-8.48,-0.1,-0.01,-0.0
2102705,1.8,-3.04,-8.44,-0.11,-0.03,-0.01
2102719,1.78,-3.02,-8.47,-0.11,-0.03,-0.02
2102733,1.83,-3.01,-8.49,-0.09,0.0,-0.01
2102746,1.83,-3.06,-8.51,-0.06,0.03,-0.0
2102760,1.88,-3.18,-8.55,-0.04,0.05,0.01
2102774,1.91,-3.25,-8.54,-0.06,0.04,0.01
2102787,1.94,-3.21,-8.52,-0.1,0.01,-0.0
2102801,1.94,-3.08,-8.59,-0.14,0.0,-0.01
2102815,1.95,-2.95,-8.62,-0.14,0.0,-0.01
2102828,1.93,-2.91,-8.57,-0.1,0.01,-0.01
2102842,1.9,-2.97,-8.57,-0.05,0.01,-0.0
2102856,1.89,-3.03,-8.52,-0.05,0.0,-0.01
2102869,1.87,-3.11,-8.53,-0.07,-0.0,-0.02
2102883,1.87,-3.22,-8.55,-0.12,0.01,-0.04
2102897,1.91,-3.28,-8.53,-0.16,0.01,-0.05
2102910,1.94,-3.23,-8.55,-0.18,0.0,-0.05
2102924,1.91,-3.14,-8.52,-0.15,-0.01,-0.03
2102938,1.88,-3.07,-8.55,-0.11,-0.01,-0.01
2102951,1.84,-3.06,-8.61,-0.07,-0.0,0.0
2102965,1.86,-3.09,-8.61,-0.05,0.02,0.0
2102979,1.93,-3.12,-8.59,-0.05,0.02,0.0
2102993,1.94,-3.18,-8.55,-0.06,0.01,-0.0
2103006,1.93,-3.22,-8.52,-0.09,-0.01,-0.01
2103020,1.85,-3.16,-8.51,-0.12,-0.03,-0.02
2103034,1.85,-3.09,-8.52,-0.12,-0.02,-0.02
2103048,1.83,-3.03,-8.48,-0.1,-0.01,-0.01
2103061,1.81,-3.03,-8.49,-0.06,0.01,0.0
2103075,1.83,-3.07,-8.49,-0.03,0.03,0.01
2103089,1.86,-3.09,-8.53,-0.03,0.04,0.02
2103102,1.89,-3.12,-8.59,-0.04,0.04,0.01
2103116,1.91,-3.23,-8.6,-0.07,0.03,-0.01
2103130,1.9,-3.27,-8.59,-0.12,0.01,-0.03
2103143,1.91,-3.24,-8.55,-0.17,-0.01,-0.04
2103157,1.87,-3.14,-8.58,-0.17,-0.02,-0.04
2103171,1.84,-3.06,-8.57,-0.14,-0.01,-0.03
2103184,1.8,-3.06,-8.53,-0.1,0.0,-0.01
2103198,1.78,-3.09,-8.52,-0.07,0.02,-0.0
2103212,1.84,-3.11,-8.56,-0.05,0.04,0.0
2103225,1.91,-3.16,-8.57,-0.05,0.04,0.0
2103239,1.96,-3.21,-8.57,-0.07,0.02,-0.01
2103253,1.95,-3.22,-8.54,-0.1,0.0,-0.01
2103266,1.86,-3.25,-8.51,-0.15,-0.02,-0.03
2103280,1.83,-3.16,-8.53,-0.17,-0.02,-0.04
2103294,1.85,-3.06,-8.54,-0.15,-0.0,-0.03
2103307,1.82,-3.0,-8.54,-0.1,0.02,-0.01
2103321,1.83,-3.07,-8.56,-0.05,0.04,0.0
2103335,1.88,-3.09,-8.54,-0.03,0.04,0.01
2103348,1.91,-3.18,-8.54,-0.06,0.02,-0.0
2103362,1.92,-3.24,-8.58,-0.1,0.01,-0.02
2103376,1.94,-3.24,-8.56,-0.14,0.0,-0.03
2103389,1.92,-3.21,-8.52,-0.16,-0.01,-0.04
2103403,1.9,-3.13,-8.54,-0.16,-0.02,-0.03
2103417,1.87,-3.02,-8.53,-0.13,-0.01,-0.02
2103430,1.85,-3.0,-8.51,-0.09,0.01,-0.01
2103444,1.85,-3.06,-8.53,-0.07,0.03,-0.01
2103458,1.88,-3.14,-8.56,-0.06,0.04,-0.01
2103471,1.9,-3.23,-8.59,-0.07,0.04,-0.01
2103485,1.94,-3.25,-8.6,-0.09,0.02,-0.01
2103499,1.93,-3.24,-8.59,-0.12,-0.01,-0.01
2103512,1.9,-3.18,-8.55,-0.14,-0.02,-0.02
2103526,1.84,-3.17,-8.57,-0.14,-0.01,-0.03
2103540,1.81,-3.12,-8.53,-0.13,0.01,-0.03
2103553,1.86,-3.12,-8.5,-0.11,0.03,-0.01
2103567,1.9,-3.09,-8.58,-0.08,0.04,-0.0
2103581,1.93,-3.13,-8.63,-0.05,0.04,0.01
2103594,1.93,-3.15,-8.59,-0.05,0.02,0.01
2103608,1.95,-3.23,-8.59,-0.08,-0.0,-0.0
2103621,1.93,-3.21,-8.63,-0.11,-0.01,-0.02
2103634,1.91,-3.15,-8.55,-0.14,-0.02,-0.02
2103648,1.86,-3.13,-8.55,-0.13,-0.01,-0.02
2103662,1.86,-3.07,-8.53,-0.11,0.0,-0.01
2103676,1.9,-3.06,-8.56,-0.08,0.02,-0.01
2103689,1.87,-3.09,-8.54,-0.07,0.02,-0.0
2103703,1.9,-3.11,-8.56,-0.07,0.02,-0.0
2103717,1.9,-3.11,-8.57,-0.08,0.01,-0.01
2103730,1.88,-3.22,-8.56,-0.11,-0.0,-0.02
2103744,1.88,-3.21,-8.52,-0.15,-0.02,-0.03
2103758,1.82,-3.13,-8.5,-0.16,-0.02,-0.03
2103771,1.82,-3.03,-8.49,-0.14,-0.01,-0.02
2103785,1.84,-3.02,-8.52,-0.1,0.01,-0.01
2103799,1.87,-3.11,-8.57,-0.06,0.03,-0.0
2103812,1.9,-3.17,-8.56,-0.05,0.04,0.01
2103826,1.9,-3.18,-8.54,-0.07,0.02,0.0
2103840,1.88,-3.18,-8.53,-0.09,-0.01,-0.01
2103853,1.88,-3.17,-8.57,-0.12,-0.02,-0.02
2103867,1.85,-3.17,-8.57,-0.14,-0.01,-0.03
2103881,1.85,-3.14,-8.53,-0.14,0.01,-0.02
2103894,1.85,-3.1,-8.55,-0.12,0.02,-0.01
2103908,1.88,-3.11,-8.56,-0.09,0.03,0.0
2103922,1.91,-3.05,-8.57,-0.07,0.03,0.01
2103935,1.92,-3.07,-8.54,-0.07,0.02,0.01
2103949,1.92,-3.11,-8.51,-0.09,0.01,-0.01
2103963,1.92,-3.13,-8.46,-0.12,-0.01,-0.02
2103976,1.89,-3.11,-8.51,-0.14,-0.01,-0.03
2103990,1.89,-3.06,-8.5,-0.14,0.0,-0.03
2104004,1.9,-3.01,-8.49,-0.1,0.02,-0.01
2104017,1.88,-3.0,-8.47,-0.06,0.04,0.0
2104031,1.89,-3.06,-8.5,-0.04,0.04,0.01
2104045,1.91,-3.16,-8.62,-0.06,0.05,-0.0
2104058,1.95,-3.22,-8.67,-0.1,0.04,-0.02
2104072,1.97,-3.18,-8.66,-0.13,0.02,-0.03
2104086,1.96,-3.1,-8.7,-0.13,0.0,-0.03
2104099,1.95,-3.07,-8.71,-0.11,-0.0,-0.03
2104113,1.91,-3.09,-8.65,-0.09,-0.01,-0.02
2104127,1.87,-3.15,-8.69,-0.08,-0.01,-0.02
2104140,1.91,-3.16,-8.69,-0.07,-0.0,-0.01
2104154,1.94,-3.17,-8.67,-0.07,0.01,-0.01
2104168,1.98,-3.23,-8.63,-0.09,0.0,-0.01
2104181,1.95,-3.17,-8.59,-0.1,-0.01,-0.02
2104195,1.93,-3.07,-8.55,-0.11,-0.03,-0.02
2104209,1.88,-3.01,-8.52,-0.1,-0.03,-0.03
2104222,1.86,-3.05,-8.55,-0.09,-0.02,-0.03
2104236,1.85,-3.12,-8.6,-0.07,0.01,-0.03
2104250,1.91,-3.2,-8.6,-0.06,0.02,-0.02
2104264,1.91,-3.26,-8.58,-0.08,0.0,-0.02
2104277,1.87,-3.26,-8.63,-0.12,-0.02,-0.02
2104291,1.86,-3.19,-8.61,-0.15,-0.03,-0.04
2104305,1.87,-3.08,-8.55,-0.15,-0.04,-0.04
2104318,1.84,-3.08,-8.52,-0.13,-0.04,-0.04
2104332,1.78,-3.09,-8.49,-0.1,-0.03,-0.03
2104346,1.84,-3.09,-8.41,-0.08,-0.03,-0.02
2104359,1.86,-3.18,-8.47,-0.08,-0.01,-0.02
2104373,1.9,-3.22,-8.52,-0.09,0.01,-0.03
2104387,1.88,-3.28,-8.52,-0.12,0.01,-0.03
2104400,1.84,-3.25,-8.5,-0.14,-0.01,-0.03
2104414,1.86,-3.15,-8.52,-0.13,-0.02,-0.03
2104428,1.88,-3.07,-8.53,-0.1,-0.02,-0.02
2104441,1.84,-3.11,-8.53,-0.08,-0.01,-0.01
2104455,1.81,-3.16,-8.53,-0.06,0.01,-0.01
2104469,1.85,-3.19,-8.51,-0.07,0.01,-0.01
2104482,1.9,-3.27,-8.53,-0.09,0.0,-0.02
2104496,1.88,-3.27,-8.55,-0.13,-0.01,-0.03
2104510,1.88,-3.2,-8.57,-0.16,-0.02,-0.04
2104523,1.88,-3.09,-8.56,-0.16,-0.02,-0.04
2104537,1.84,-3.03,-8.52,-0.13,-0.03,-0.03
2104551,1.82,-3.05,-8.47,-0.09,-0.03,-0.02
2104564,1.78,-3.12,-8.45,-0.08,-0.02,-0.01
2104578,1.79,-3.15,-8.49,-0.08,-0.0,-0.01
2104592,1.81,-3.14,-8.56,-0.08,0.01,-0.02
2104605,1.81,-3.25,-8.53,-0.1,0.02,-0.02
2104619,1.79,-3.27,-8.51,-0.13,0.0,-0.03
2104633,1.79,-3.24,-8.52,-0.15,-0.02,-0.03
2104646,1.79,-3.15,-8.5,-0.14,-0.03,-0.02
2104660,1.77,-3.09,-8.5,-0.11,-0.02,-0.01
2104674,1.79,-3.06,-8.48,-0.07,0.0,0.01
2104687,1.77,-3.07,-8.42,-0.05,0.02,0.01
2104701,1.77,-3.15,-8.5,-0.07,0.03,-0.0
2104715,1.83,-3.21,-8.52,-0.1,0.03,-0.02
2104728,1.84,-3.22,-8.53,-0.15,0.01,-0.03
2104743,1.86,-3.1,-8.59,-0.17,-0.0,-0.04
2104756,1.85,-3.0,-8.57,-0.15,-0.01,-0.03
2104770,1.8,-3.01,-8.51,-0.11,-0.01,-0.02
2104784,1.73,-3.1,-8.49,-0.09,-0.0,-0.02
2104797,1.73,-3.13,-8.52,-0.1,0.02,-0.02
2104811,1.78,-3.17,-8.56,-0.11,0.04,-0.02
2104825,1.81,-3.15,-8.57,-0.12,0.04,-0.02
2104838,1.86,-3.13,-8.55,-0.12,0.03,-0.02
2104852,1.82,-3.1,-8.54,-0.13,0.0,-0.02
2104866,1.82,-3.04,-8.56,-0.15,-0.01,-0.03
2104879,1.82,-2.98,-8.52,-0.15,-0.0,-0.04
2104893,1.79,-2.95,-8.53,-0.13,0.02,-0.04
2104907,1.78,-2.97,-8.5,-0.1,0.03,-0.03
2104920,1.81,-3.06,-8.54,-0.08,0.04,-0.03
2104934,1.79,-3.17,-8.6,-0.08,0.05,-0.03
2104948,1.84,-3.23,-8.62,-0.1,0.04,-0.03
2104961,1.86,-3.18,-8.67,-0.11,0.03,-0.02
2104975,1.81,-3.12,-8.65,-0.11,0.01,-0.01
2104989,1.85,-3.03,-8.61,-0.09,0.0,-0.0
2105002,1.78,-3.02,-8.66,-0.06,0.01,-0.0
2105016,1.81,-3.02,-8.66,-0.05,0.03,0.0
2105030,1.86,-3.08,-8.65,-0.05,0.04,0.0
2105043,1.88,-3.24,-8.68,-0.07,0.04,-0.01
2105057,1.92,-3.3,-8.71,-0.14,0.03,-0.02
2105071,1.94,-3.16,-8.67,-0.18,0.02,-0.03
2105084,1.94,-2.95,-8.66,-0.18,-0.0,-0.03
2105098,1.93,-2.86,-8.56,-0.12,-0.02,-0.02
2105112,1.85,-2.9,-8.54,-0.08,-0.02,-0.02
2105125,1.81,-3.01,-8.55,-0.08,-0.01,-0.03
2105139,1.8,-3.12,-8.53,-0.09,0.01,-0.03
2105153,1.8,-3.17,-8.57,-0.1,0.03,-0.03
2105167,1.84,-3.22,-8.61,-0.11,0.03,-0.03
2105180,1.9,-3.24,-8.57,-0.13,0.02,-0.03
2105194,1.91,-3.16,-8.54,-0.16,-0.01,-0.03
2105208,1.87,-3.04,-8.54,-0.18,-0.02,-0.04
2105221,1.84,-2.95,-8.53,-0.16,-0.01,-0.04
2105235,1.82,-2.98,-8.53,-0.12,0.01,-0.04
2105249,1.83,-3.07,-8.52,-0.08,0.02,-0.02
2105262,1.86,-3.12,-8.52,-0.06,0.03,-0.01
2105276,1.89,-3.15,-8.52,-0.06,0.02,0.0
2105290,1.89,-3.22,-8.53,-0.07,0.02,-0.0
2105303,1.9,-3.24,-8.5,-0.11,0.01,-0.01
2105317,1.91,-3.2,-8.52,-0.14,0.01,-0.03
2105331,1.88,-3.14,-8.55,-0.14,0.01,-0.03
2105344,1.84,-3.11,-8.54,-0.12,0.01,-0.02
2105358,1.86,-3.07,-8.51,-0.09,0.01,0.0
2105372,1.85,-3.06,-8.48,-0.06,0.01,0.02
2105385,1.79,-3.14,-8.48,-0.05,0.03,0.02
2105399,1.82,-3.17,-8.51,-0.07,0.05,0.01
2105413,1.88,-3.2,-8.53,-0.09,0.06,0.01
2105426,1.87,-3.22,-8.52,-0.11,0.05,0.01
2105440,1.92,-3.15,-8.59,-0.13,0.04,0.0
2105454,1.92,-3.08,-8.61,-0.14,0.03,0.01
2105467,1.91,-2.99,-8.6,-0.13,0.03,0.01
2105481,1.88,-2.94,-8.59,-0.1,0.03,0.02
2105495,1.89,-2.97,-8.62,-0.07,0.03,0.02
2105508,1.93,-3.04,-8.67,-0.05,0.05,0.03
2105522,1.97,-3.12,-8.66,-0.06,0.05,0.02
2105536,1.96,-3.12,-8.63,-0.09,0.03,0.01
2105549,1.9,-3.04,-8.56,-0.11,0.0,0.01
2105563,1.88,-2.99,-8.55,-0.12,-0.01,-0.0
2105577,1.84,-2.99,-8.6,-0.11,0.0,-0.01
2105590,1.86,-3.05,-8.64,-0.09,0.03,-0.0
2105604,1.88,-3.1,-8.67,-0.08,0.05,0.0
2105618,1.94,-3.13,-8.69,-0.07,0.05,0.01
2105631,1.97,-3.1,-8.69,-0.07,0.02,0.01
2105645,1.98,-3.13,-8.63,-0.1,-0.01,0.01
2105659,1.92,-3.06,-8.61,-0.13,-0.03,-0.0
2105672,1.94,-2.95,-8.61,-0.15,-0.03,-0.01
2105686,1.92,-2.88,-8.55,-0.12,-0.02,-0.02
2105700,1.9,-2.9,-8.55,-0.09,-0.01,-0.02
2105713,1.87,-2.98,-8.5,-0.09,-0.0,-0.03
2105727,1.86,-3.06,-8.48,-0.1,0.0,-0.03
2105741,1.85,-3.08,-8.55,-0.11,0.01,-0.03
2105755,1.9,-3.11,-8.58,-0.11,0.01,-0.03
2105768,1.93,-3.11,-8.53,-0.11,0.0,-0.02
2105782,1.9,-3.11,-8.44,-0.12,-0.02,-0.02
2105796,1.83,-3.1,-8.42,-0.16,-0.03,-0.04
2105809,1.8,-3.03,-8.47,-0.17,-0.01,-0.05
2105823,1.84,-3.0,-8.5,-0.16,0.02,-0.05
2105837,1.86,-3.0,-8.49,-0.11,0.04,-0.03
2105850,1.91,-3.01,-8.51,-0.08,0.04,-0.01
2105864,1.91,-3.03,-8.49,-0.06,0.02,0.0
2105878,1.91,-3.08,-8.55,-0.08,0.01,-0.01
2105891,1.93,-3.12,-8.58,-0.12,0.02,-0.03
2105905,1.95,-3.09,-8.61,-0.16,0.02,-0.05
2105919,1.96,-3.03,-8.56,-0.16,0.02,-0.05
2105932,1.93,-2.96,-8.55,-0.13,0.01,-0.03
2105946,1.9,-2.93,-8.54,-0.09,0.0,-0.02
2105960,1.86,-3.03,-8.63,-0.07,0.01,-0.01
2105973,1.9,-3.06,-8.6,-0.07,0.03,-0.01
2105987,1.92,-3.07,-8.59,-0.08,0.04,-0.01
2106001,1.94,-3.07,-8.58,-0.07,0.03,-0.01
2106014,1.98,-3.06,-8.59,-0.08,0.02,-0.01
2106028,1.94,-3.1,-8.59,-0.1,0.01,-0.02
2106042,1.87,-3.15,-8.6,-0.13,0.01,-0.03
2106055,1.89,-3.06,-8.63,-0.13,0.01,-0.03
2106069,1.92,-3.02,-8.66,-0.11,0.01,-0.02
2106083,1.95,-3.03,-8.65,-0.07,0.02,-0.0
2106096,1.94,-3.08,-8.63,-0.04,0.01,0.01
2106110,1.91,-3.1,-8.55,-0.05,-0.0,0.01
2106124,1.93,-3.08,-8.51,-0.07,-0.01,-0.0
2106137,1.92,-3.08,-8.55,-0.08,-0.0,-0.01
2106151,1.9,-3.13,-8.56,-0.09,0.01,-0.02
2106165,1.91,-3.15,-8.56,-0.1,0.03,-0.01
2106178,1.94,-3.1,-8.6,-0.09,0.03,0.0
2106193,1.98,-3.02,-8.59,-0.07,0.03,0.01
2106206,1.98,-2.99,-8.55,-0.06,0.01,0.01
2106220,1.95,-3.06,-8.59,-0.06,0.01,0.0
2106234,1.96,-3.12,-8.6,-0.08,0.0,-0.01
2106247,1.93,-3.13,-8.58,-0.11,-0.0,-0.02
2106261,1.92,-3.08,-8.52,-0.12,-0.01,-0.02
2106275,1.89,-3.01,-8.53,-0.11,-0.01,-0.02
2106288,1.89,-3.02,-8.57,-0.08,0.01,-0.01
2106302,1.87,-3.05,-8.54,-0.07,0.02,-0.01
2106316,1.93,-3.06,-8.48,-0.07,0.03,-0.01
2106329,1.91,-3.12,-8.5,-0.08,0.01,-0.01
2106343,1.9,-3.15,-8.49,-0.09,0.01,-0.02
2106357,1.86,-3.15,-8.57,-0.11,0.0,-0.02
2106370,1.91,-3.11,-8.54,-0.11,0.01,-0.02
2106384,1.9,-3.05,-8.5,-0.09,0.01,-0.01
2106398,1.9,-3.05,-8.48,-0.07,0.01,-0.01
2106411,1.91,-3.09,-8.54,-0.06,0.02,-0.01
2106425,1.95,-3.14,-8.59,-0.07,0.03,-0.01
2106439,1.96,-3.2,-8.56,-0.1,0.03,-0.01
2106452,1.95,-3.26,-8.53,-0.14,0.01,-0.03
2106466,1.94,-3.19,-8.54,-0.18,-0.0,-0.04
2106480,1.92,-3.03,-8.57,-0.18,-0.01,-0.04
2106493,1.9,-2.97,-8.5,-0.15,0.0,-0.03
2106507,1.87,-2.96,-8.5,-0.1,0.01,-0.02
2106521,1.9,-3.01,-8.5,-0.07,0.03,-0.01
2106534,1.9,-3.11,-8.55,-0.05,0.04,-0.0
2106548,1.98,-3.12,-8.56,-0.06,0.04,-0.0
2106562,2.01,-3.19,-8.56,-0.09,0.03,-0.02
2106575,2.0,-3.21,-8.64,-0.12,0.02,-0.03
2106589,1.97,-3.13,-8.6,-0.14,0.01,-0.03
2106603,1.96,-3.01,-8.57,-0.13,-0.0,-0.02
2106616,1.95,-2.94,-8.59,-0.09,-0.0,-0.01
2106630,1.95,-3.02,-8.55,-0.05,0.01,-0.01
2106644,1.95,-3.11,-8.54,-0.04,0.02,-0.01
2106657,1.9,-3.2,-8.52,-0.07,0.02,-0.01
2106671,1.9,-3.19,-8.5,-0.1,0.01,-0.02
2106685,1.94,-3.11,-8.49,-0.1,0.01,-0.02
2106698,1.93,-3.13,-8.56,-0.08,0.02,-0.01
2106712,1.91,-3.16,-8.57,-0.07,0.03,-0.01
2106726,1.94,-3.13,-8.56,-0.07,0.04,-0.01
2106740,2.01,-3.11,-8.61,-0.08,0.03,-0.01
2106753,2.03,-3.08,-8.59,-0.07,0.02,-0.01
2106767,2.04,-3.1,-8.59,-0.07,0.01,-0.01
2106781,2.02,-3.11,-8.58,-0.07,0.0,-0.01
2106794,2.0,-3.11,-8.54,-0.08,-0.0,-0.02
2106808,2.0,-3.14,-8.54,-0.1,-0.0,-0.03
2106822,1.95,-3.19,-8.57,-0.12,0.0,-0.04
2106835,1.93,-3.18,-8.56,-0.14,0.01,-0.04
2106849,1.93,-3.09,-8.55,-0.13,0.0,-0.04
2106863,1.98,-3.06,-8.49,-0.1,0.0,-0.03
2106876,1.94,-3.08,-8.51,-0.08,0.0,-0.02
2106890,1.94,-3.15,-8.5,-0.06,0.01,-0.01
2106904,1.94,-3.19,-8.54,-0.07,0.01,-0.01
2106917,1.95,-3.22,-8.51,-0.09,0.01,-0.02
2106931,1.95,-3.18,-8.49,-0.11,0.01,-0.03
2106945,1.95,-3.11,-8.43,-0.12,0.0,-0.03
2106958,1.94,-3.09,-8.47,-0.11,0.0,-0.03
2106972,1.9,-3.14,-8.54,-0.1,0.01,-0.03
2106986,1.95,-3.16,-8.52,-0.08,0.03,-0.02
2106999,1.99,-3.19,-8.51,-0.07,0.03,-0.0
2107013,2.03,-3.19,-8.52,-0.06,0.02,0.0
2107027,2.0,-3.18,-8.56,-0.08,0.01,-0.01
2107040,1.98,-3.18,-8.52,-0.1,0.01,-0.02
2107054,1.98,-3.11,-8.49,-0.13,0.0,-0.03
2107068,1.94,-3.15,-8.53,-0.12,0.01,-0.04
2107081,1.96,-3.15,-8.53,-0.11,0.02,-0.03
2107095,1.95,-3.16,-8.52,-0.09,0.03,-0.02
2107109,1.98,-3.16,-8.53,-0.07,0.03,-0.01
2107122,1.99,-3.19,-8.55,-0.07,0.03,-0.01
2107136,1.99,-3.23,-8.56,-0.08,0.02,-0.01
2107150,1.98,-3.21,-8.58,-0.09,0.02,-0.01
2107163,2.01,-3.16,-8.54,-0.1,0.01,-0.01
2107177,2.03,-3.13,-8.55,-0.09,-0.0,-0.01
2107191,2.0,-3.15,-8.53,-0.09,0.0,-0.02
2107204,2.0,-3.14,-8.53,-0.09,0.01,-0.02
2107218,1.94,-3.14,-8.48,-0.1,0.01,-0.02
2107232,1.89,-3.12,-8.45,-0.09,0.01,-0.02
2107245,1.91,-3.12,-8.42,-0.07,0.01,-0.01
2107259,1.92,-3.19,-8.5,-0.06,0.02,-0.01
2107273,1.95,-3.25,-8.49,-0.07,0.03,-0.01
2107286,1.95,-3.28,-8.55,-0.09,0.04,-0.01
2107300,2.01,-3.23,-8.58,-0.11,0.03,-0.02
2107313,2.04,-3.14,-8.58,-0.12,0.02,-0.02
2107326,2.04,-3.08,-8.62,-0.1,0.01,-0.01
2107340,2.0,-3.08,-8.57,-0.09,0.0,-0.01
2107354,2.0,-3.11,-8.58,-0.08,0.0,-0.02
2107368,2.01,-3.17,-8.55,-0.07,0.01,-0.02
2107381,2.02,-3.24,-8.52,-0.09,0.01,-0.02
2107395,2.03,-3.25,-8.47,-0.11,-0.0,-0.02
2107409,1.97,-3.24,-8.5,-0.12,-0.01,-0.03
2107422,1.98,-3.22,-8.55,-0.13,-0.0,-0.03
2107436,1.99,-3.23,-8.6,-0.13,0.01,-0.03
2107450,2.02,-3.2,-8.54,-0.12,0.02,-0.02
2107463,2.01,-3.12,-8.48,-0.1,0.0,-0.01
2107477,1.96,-3.08,-8.48,-0.08,-0.01,-0.01
2107491,1.95,-3.15,-8.49,-0.08,-0.01,-0.02
2107504,1.98,-3.21,-8.52,-0.09,0.01,-0.02
2107518,1.98,-3.3,-8.53,-0.11,0.02,-0.03
2107532,2.04,-3.32,-8.54,-0.12,0.01,-0.03
2107545,2.03,-3.29,-8.55,-0.13,0.0,-0.02
2107559,2.01,-3.26,-8.54,-0.14,-0.01,-0.01
2107573,1.98,-3.17,-8.55,-0.14,-0.01,-0.01
2107586,1.96,-3.09,-8.52,-0.12,-0.02,-0.01
2107600,1.94,-3.09,-8.47,-0.1,-0.01,-0.01
2107614,1.94,-3.12,-8.48,-0.09,-0.0,-0.01
2107627,1.97,-3.14,-8.49,-0.08,0.01,-0.01
2107641,2.0,-3.18,-8.49,-0.07,0.02,-0.0
2107655,1.98,-3.21,-8.48,-0.08,0.02,-0.0
2107668,1.96,-3.21,-8.47,-0.1,0.01,-0.01
2107682,1.95,-3.21,-8.51,-0.12,0.01,-0.02
2107696,1.97,-3.19,-8.56,-0.13,0.01,-0.02
2107709,1.97,-3.13,-8.6,-0.11,0.02,-0.01
2107723,1.99,-3.13,-8.58,-0.08,0.02,0.0
2107737,1.99,-3.12,-8.53,-0.06,0.01,0.01
2107750,1.98,-3.18,-8.55,-0.06,-0.0,-0.0
2107764,1.99,-3.24,-8.59,-0.08,0.0,-0.01
2107778,2.02,-3.24,-8.56,-0.11,0.01,-0.02
2107791,1.98,-3.23,-8.54,-0.13,-0.0,-0.02
2107805,1.92,-3.18,-8.47,-0.12,-0.01,-0.02
2107819,1.94,-3.12,-8.46,-0.11,-0.01,-0.01
2107832,1.91,-3.13,-8.47,-0.09,-0.0,-0.0
2107846,1.93,-3.13,-8.55,-0.08,0.02,-0.0
2107860,1.96,-3.16,-8.49,-0.08,0.03,-0.0
2107873,1.97,-3.18,-8.52,-0.08,0.02,-0.0
2107887,2.0,-3.15,-8.52,-0.08,0.01,-0.01
2107900,1.98,-3.17,-8.53,-0.09,0.0,-0.02
2107913,1.98,-3.21,-8.54,-0.12,-0.0,-0.03
2107927,1.97,-3.18,-8.53,-0.14,-0.0,-0.03
2107941,1.98,-3.15,-8.53,-0.14,-0.0,-0.03
2107955,2.01,-3.13,-8.5,-0.11,0.0,-0.02
2107968,1.97,-3.14,-8.51,-0.09,0.0,-0.02
2107982,1.98,-3.1,-8.47,-0.09,0.0,-0.01
2107996,1.94,-3.17,-8.49,-0.09,0.01,-0.02
2108009,1.94,-3.22,-8.52,-0.09,0.01,-0.03
2108023,1.98,-3.29,-8.53,-0.11,0.01,-0.03
2108037,1.99,-3.28,-8.47,-0.13,0.01,-0.02
2108050,2.0,-3.22,-8.55,-0.13,0.0,-0.02
2108064,1.98,-3.14,-8.57,-0.12,0.0,-0.02
2108078,1.97,-3.17,-8.55,-0.11,0.01,-0.02
2108091,1.97,-3.19,-8.53,-0.1,0.01,-0.02
2108105,1.99,-3.2,-8.51,-0.1,0.01,-0.02
2108119,2.0,-3.2,-8.52,-0.09,0.01,-0.01
2108132,2.02,-3.24,-8.51,-0.09,0.0,-0.01
2108146,1.98,-3.3,-8.53,-0.1,0.0,-0.02
2108160,1.98,-3.23,-8.5,-0.13,0.0,-0.02
2108173,1.98,-3.17,-8.48,-0.13,0.0,-0.02
2108187,1.96,-3.12,-8.48,-0.11,-0.0,-0.01
2108201,1.94,-3.13,-8.49,-0.08,0.0,-0.01
2108214,1.94,-3.19,-8.48,-0.08,0.02,-0.0
2108228,1.95,-3.22,-8.51,-0.08,0.02,-0.0
2108242,1.97,-3.21,-8.57,-0.08,0.02,0.0
2108255,1.99,-3.23,-8.56,-0.09,0.02,0.0
2108269,1.99,-3.22,-8.55,-0.11,0.0,-0.01
2108283,1.96,-3.18,-8.53,-0.12,-0.0,-0.01
2108296,1.98,-3.13,-8.55,-0.12,-0.0,-0.01
2108310,1.98,-3.11,-8.53,-0.11,0.01,-0.01
2108324,1.92,-3.12,-8.49,-0.09,0.01,-0.0
2108337,1.91,-3.11,-8.52,-0.07,0.01,0.0
2108351,2.01,-3.13,-8.54,-0.06,0.02,0.01
2108365,2.01,-3.18,-8.54,-0.07,0.02,0.01
2108378,2.02,-3.2,-8.45,-0.09,0.0,-0.0
2108392,1.92,-3.15,-8.44,-0.12,-0.01,-0.01
2108406,1.9,-3.07,-8.46,-0.12,-0.01,-0.02
2108419,1.92,-3.04,-8.51,-0.09,0.01,-0.02
2108433,1.93,-3.1,-8.49,-0.06,0.03,-0.01
2108447,1.95,-3.18,-8.48,-0.05,0.03,0.0
2108460,1.94,-3.22,-8.48,-0.07,0.02,-0.0
2108474,1.95,-3.24,-8.52,-0.1,0.01,-0.01
2108488,1.94,-3.25,-8.5,-0.13,0.01,-0.02
2108501,1.96,-3.19,-8.51,-0.15,0.01,-0.03
2108515,1.99,-3.09,-8.5,-0.14,0.01,-0.03
2108529,1.96,-3.07,-8.48,-0.11,0.01,-0.03
2108543,1.98,-3.12,-8.49,-0.1,0.01,-0.02
2108556,1.97,-3.15,-8.56,-0.09,0.02,-0.02
2108570,1.98,-3.15,-8.53,-0.09,0.02,-0.01
2108584,1.99,-3.14,-8.52,-0.08,0.02,-0.01
2108597,2.03,-3.17,-8.53,-0.08,0.01,-0.02
2108611,2.0,-3.25,-8.54,-0.1,0.01,-0.03
2108625,2.02,-3.25,-8.53,-0.13,0.01,-0.04
2108638,2.0,-3.19,-8.54,-0.15,0.01,-0.04
2108652,2.0,-3.14,-8.56,-0.13,0.01,-0.03
2108666,1.98,-3.1,-8.55,-0.1,0.0,-0.02
2108679,1.96,-3.13,-8.51,-0.08,-0.0,-0.01
2108693,1.98,-3.17,-8.5,-0.08,-0.0,-0.02
2108707,1.98,-3.2,-8.54,-0.1,0.0,-0.03
2108720,1.99,-3.23,-8.52,-0.11,0.01,-0.03
2108734,2.0,-3.25,-8.5,-0.12,0.01,-0.04
2108748,1.99,-3.23,-8.48,-0.12,0.0,-0.03
2108761,1.95,-3.2,-8.49,-0.11,-0.0,-0.02
2108775,1.94,-3.19,-8.52,-0.1,0.01,-0.02
2108789,1.97,-3.21,-8.52,-0.09,0.02,-0.01
2108802,1.98,-3.23,-8.55,-0.08,0.03,-0.01
2108816,2.01,-3.25,-8.52,-0.09,0.02,-0.01
2108830,2.02,-3.24,-8.5,-0.09,0.01,-0.01
2108843,2.0,-3.19,-8.47,-0.09,-0.0,-0.01
2108857,1.96,-3.18,-8.49,-0.1,-0.0,-0.01
2108871,1.96,-3.17,-8.52,-0.09,0.01,-0.01
2108884,1.98,-3.18,-8.54,-0.09,0.02,-0.01
2108898,2.01,-3.2,-8.52,-0.08,0.02,-0.0
2108912,2.01,-3.2,-8.49,-0.06,0.01,0.0
2108925,1.99,-3.16,-8.53,-0.06,0.0,0.0
2108939,1.97,-3.16,-8.52,-0.06,0.0,0.0
2108953,1.94,-3.2,-8.48,-0.06,0.01,-0.0
2108966,1.97,-3.27,-8.47,-0.07,0.01,-0.01
2108980,1.99,-3.37,-8.47,-0.11,0.01,-0.02
2108994,1.99,-3.28,-8.46,-0.14,0.01,-0.02
2109007,1.95,-3.15,-8.44,-0.15,-0.0,-0.02
2109021,1.87,-3.08,-8.42,-0.12,-0.0,-0.02
2109035,1.92,-3.05,-8.43,-0.09,0.01,-0.01
2109048,1.94,-3.14,-8.44,-0.07,0.02,-0.0
2109062,1.94,-3.19,-8.48,-0.07,0.03,0.0
2109076,1.97,-3.27,-8.5,-0.08,0.04,-0.01
2109089,2.0,-3.29,-8.54,-0.11,0.03,-0.02
2109103,2.04,-3.26,-8.51,-0.14,0.02,-0.03
2109117,2.03,-3.2,-8.53,-0.16,-0.0,-0.03
2109131,2.0,-3.09,-8.5,-0.14,-0.01,-0.03
2109145,1.96,-3.05,-8.48,-0.11,-0.01,-0.02
2109158,1.96,-3.08,-8.46,-0.07,0.0,-0.01
2109172,1.96,-3.15,-8.43,-0.06,0.02,-0.01
2109186,1.96,-3.2,-8.42,-0.08,0.03,-0.02
2109199,1.98,-3.23,-8.47,-0.1,0.03,-0.03
2109213,1.98,-3.2,-8.51,-0.12,0.03,-0.03
2109227,2.02,-3.15,-8.47,-0.11,0.02,-0.03
2109240,1.99,-3.12,-8.47,-0.1,0.01,-0.03
2109254,1.98,-3.17,-8.53,-0.08,0.02,-0.03
2109268,2.01,-3.24,-8.52,-0.1,0.04,-0.03
2109281,1.99,-3.19,-8.47,-0.1,0.04,-0.04
2109295,2.02,-3.19,-8.43,-0.08,0.02,-0.03
