miliseg,AcX,AcY,AcZ,GyX,GyY,GyZ
1943701,1.82,-1.36,-9.09,-0.11,0.01,-0.04
1943715,1.85,-1.37,-9.13,-0.12,0.02,-0.04
1943728,1.87,-1.33,-9.15,-0.13,0.02,-0.04
1943742,1.9,-1.36,-9.11,-0.12,0.01,-0.02
1943756,1.9,-1.34,-9.07,-0.1,-0.01,-0.01
1943770,1.85,-1.27,-8.98,-0.09,-0.03,0.0
1943783,1.82,-1.28,-8.97,-0.08,-0.03,0.0
1943797,1.79,-1.26,-8.92,-0.08,-0.02,-0.01
1943811,1.81,-1.27,-8.9,-0.08,0.01,-0.02
1943824,1.79,-1.3,-8.89,-0.09,0.03,-0.02
1943838,1.78,-1.34,-8.89,-0.1,0.03,-0.01
1943852,1.78,-1.32,-8.9,-0.1,0.03,-0.01
1943865,1.78,-1.3,-8.91,-0.11,0.01,-0.01
1943879,1.76,-1.27,-8.95,-0.12,0.01,-0.01
1943893,1.78,-1.23,-9.06,-0.12,0.02,-0.01
1943906,1.86,-1.19,-9.12,-0.1,0.04,-0.01
1943920,1.88,-1.23,-9.09,-0.09,0.04,-0.01
1943934,1.91,-1.24,-9.06,-0.1,0.03,-0.02
1943947,1.88,-1.29,-9.1,-0.11,0.02,-0.02
1943961,1.89,-1.3,-9.1,-0.12,0.01,-0.02
1943975,1.84,-1.27,-9.06,-0.11,-0.0,-0.0
1943988,1.85,-1.21,-9.02,-0.1,-0.01,0.01
1944002,1.86,-1.21,-9.03,-0.08,-0.01,0.01
1944016,1.86,-1.3,-9.14,-0.07,0.01,-0.0
1944029,1.87,-1.31,-9.1,-0.1,0.03,-0.02
1944043,1.88,-1.36,-9.05,-0.13,0.03,-0.04
1944057,1.9,-1.26,-9.04,-0.15,0.01,-0.04
1944070,1.9,-1.2,-9.05,-0.13,-0.01,-0.02
1944084,1.88,-1.13,-9.07,-0.08,-0.02,-0.0
1944098,1.83,-1.31,-9.06,-0.06,-0.02,0.01
1944111,1.77,-1.35,-8.95,-0.08,-0.02,-0.0
1944125,1.74,-1.33,-8.94,-0.11,-0.02,-0.02
1944139,1.79,-1.21,-8.99,-0.12,-0.01,-0.03
1944153,1.82,-1.16,-8.94,-0.1,0.01,-0.03
1944167,1.81,-1.21,-8.97,-0.08,0.02,-0.02
1944180,1.81,-1.27,-8.98,-0.08,0.02,-0.01
1944194,1.82,-1.32,-9.04,-0.08,0.01,-0.0
1944208,1.81,-1.32,-9.06,-0.1,0.01,-0.01
1944221,1.84,-1.26,-9.02,-0.1,0.0,-0.01
1944235,1.84,-1.23,-9.02,-0.11,0.0,-0.02
1944249,1.85,-1.17,-9.0,-0.11,0.0,-0.02
1944262,1.83,-1.13,-9.01,-0.09,0.0,-0.03
1944276,1.86,-1.17,-9.0,-0.07,0.01,-0.03
1944290,1.86,-1.22,-9.02,-0.06,0.02,-0.02
1944303,1.88,-1.34,-9.06,-0.07,0.02,-0.01
1944317,1.9,-1.3,-9.02,-0.07,0.01,-0.01
1944331,1.87,-1.26,-9.04,-0.06,-0.01,-0.0
1944344,1.84,-1.26,-9.02,-0.04,-0.02,-0.0
1944358,1.79,-1.39,-9.01,-0.06,-0.02,-0.01
1944372,1.77,-1.43,-9.02,-0.08,0.0,-0.03
1944385,1.8,-1.39,-9.02,-0.11,0.02,-0.04
1944399,1.81,-1.4,-9.02,-0.11,0.03,-0.04
1944413,1.84,-1.35,-9.02,-0.1,0.03,-0.03
1944426,1.83,-1.37,-8.97,-0.1,0.02,-0.01
1944440,1.8,-1.35,-8.99,-0.09,-0.0,0.0
1944454,1.78,-1.35,-9.02,-0.08,-0.01,0.0
1944467,1.77,-1.43,-9.03,-0.09,-0.0,-0.0
1944481,1.81,-1.41,-9.02,-0.11,0.01,-0.0
1944495,1.86,-1.36,-8.98,-0.11,0.02,-0.0
1944508,1.84,-1.27,-8.99,-0.1,0.02,-0.0
1944522,1.85,-1.29,-9.03,-0.09,0.01,-0.01
1944536,1.85,-1.35,-9.06,-0.09,0.02,-0.01
1944549,1.84,-1.37,-9.05,-0.1,0.02,-0.0
1944563,1.85,-1.3,-9.01,-0.11,-0.0,0.01
1944577,1.81,-1.27,-8.97,-0.09,-0.02,0.02
1944590,1.8,-1.27,-9.03,-0.07,-0.02,0.02
1944604,1.82,-1.31,-9.06,-0.07,0.0,0.01
1944618,1.83,-1.38,-9.06,-0.09,0.02,-0.0
1944631,1.82,-1.38,-9.02,-0.11,0.02,-0.01
1944645,1.81,-1.28,-8.98,-0.11,0.0,-0.01
1944659,1.85,-1.26,-8.95,-0.11,-0.01,-0.0
1944672,1.77,-1.25,-8.97,-0.09,-0.01,-0.0
1944686,1.75,-1.34,-9.0,-0.09,0.01,-0.0
1944700,1.7,-1.37,-8.93,-0.1,0.01,-0.01
1944713,1.7,-1.34,-8.9,-0.11,0.01,-0.01
1944727,1.78,-1.25,-8.88,-0.09,0.01,-0.0
1944741,1.79,-1.25,-8.95,-0.07,0.01,0.01
1944755,1.82,-1.34,-9.02,-0.06,0.03,0.01
1944768,1.88,-1.4,-9.04,-0.08,0.05,0.01
1944782,1.91,-1.39,-9.1,-0.11,0.04,-0.0
1944796,1.93,-1.34,-9.12,-0.11,0.02,-0.01
1944809,1.9,-1.31,-9.1,-0.11,0.0,-0.01
1944823,1.87,-1.3,-9.07,-0.11,-0.01,-0.02
1944837,1.86,-1.32,-9.02,-0.11,-0.01,-0.01
1944850,1.84,-1.27,-9.05,-0.1,-0.01,-0.01
1944864,1.87,-1.24,-9.04,-0.08,0.0,-0.01
1944878,1.87,-1.33,-9.07,-0.08,0.02,-0.01
1944891,1.89,-1.38,-9.09,-0.1,0.03,-0.02
1944905,1.91,-1.39,-9.1,-0.13,0.02,-0.04
1944919,1.88,-1.32,-9.02,-0.15,0.0,-0.04
1944932,1.83,-1.26,-8.98,-0.13,-0.02,-0.03
1944946,1.78,-1.28,-8.95,-0.1,-0.04,-0.02
1944960,1.73,-1.36,-8.97,-0.08,-0.03,-0.01
1944973,1.72,-1.4,-9.01,-0.08,-0.0,-0.01
1944987,1.76,-1.4,-9.03,-0.09,0.03,-0.01
1945001,1.84,-1.39,-9.06,-0.1,0.05,-0.02
1945014,1.88,-1.41,-9.07,-0.12,0.04,-0.03
1945028,1.89,-1.33,-9.08,-0.13,0.01,-0.03
1945042,1.88,-1.28,-9.08,-0.13,-0.01,-0.03
1945055,1.89,-1.27,-9.1,-0.11,-0.03,-0.02
1945069,1.85,-1.27,-9.07,-0.09,-0.03,-0.01
1945083,1.84,-1.29,-9.09,-0.08,-0.01,-0.01
1945096,1.86,-1.28,-9.13,-0.07,0.0,-0.02
1945110,1.88,-1.33,-9.16,-0.09,0.01,-0.03
1945124,1.92,-1.31,-9.15,-0.11,0.01,-0.03
1945137,1.89,-1.25,-9.06,-0.11,-0.01,-0.03
1945151,1.88,-1.25,-8.99,-0.1,-0.03,-0.03
1945165,1.81,-1.27,-8.99,-0.09,-0.04,-0.03
1945178,1.75,-1.33,-8.92,-0.08,-0.03,-0.03
1945192,1.73,-1.38,-8.86,-0.07,-0.01,-0.03
1945206,1.71,-1.38,-8.96,-0.07,0.01,-0.02
1945219,1.74,-1.35,-8.96,-0.05,0.03,-0.02
1945233,1.77,-1.38,-8.98,-0.06,0.03,-0.01
1945247,1.77,-1.45,-8.92,-0.06,0.03,-0.02
1945260,1.8,-1.42,-9.01,-0.08,0.02,-0.03
1945274,1.85,-1.43,-8.96,-0.11,0.02,-0.02
1945288,1.78,-1.42,-8.92,-0.12,-0.01,-0.01
1945302,1.73,-1.39,-8.87,-0.11,-0.03,-0.01
1945315,1.72,-1.34,-8.92,-0.09,-0.03,-0.01
1945329,1.72,-1.37,-8.93,-0.08,-0.01,-0.01
1945343,1.74,-1.46,-8.93,-0.08,0.02,-0.0
1945356,1.81,-1.45,-8.92,-0.08,0.03,-0.0
1945370,1.84,-1.36,-8.9,-0.08,0.03,0.01
1945384,1.79,-1.35,-8.93,-0.07,0.02,0.01
1945397,1.78,-1.4,-8.99,-0.07,0.03,0.0
1945411,1.82,-1.41,-9.01,-0.09,0.04,-0.0
1945425,1.84,-1.41,-8.99,-0.12,0.04,0.0
1945438,1.82,-1.36,-8.98,-0.12,0.02,0.0
1945452,1.79,-1.3,-8.96,-0.1,0.01,0.0
1945466,1.85,-1.3,-9.03,-0.08,0.01,0.01
1945479,1.84,-1.33,-9.07,-0.07,0.03,0.01
1945493,1.86,-1.38,-9.07,-0.08,0.05,-0.0
1945507,1.89,-1.36,-9.09,-0.09,0.05,-0.01
1945520,1.9,-1.35,-9.09,-0.12,0.04,-0.01
1945534,1.88,-1.32,-8.99,-0.12,0.02,-0.02
1945548,1.85,-1.27,-9.0,-0.11,-0.01,-0.01
1945561,1.81,-1.3,-8.98,-0.09,-0.02,-0.01
1945575,1.81,-1.31,-8.98,-0.07,-0.02,-0.0
1945589,1.78,-1.41,-8.92,-0.07,-0.0,-0.0
1945603,1.77,-1.46,-8.99,-0.08,0.01,-0.01
1945616,1.8,-1.45,-8.99,-0.1,0.04,-0.02
1945630,1.85,-1.39,-8.98,-0.11,0.05,-0.02
1945644,1.84,-1.38,-9.0,-0.11,0.04,-0.02
1945657,1.87,-1.37,-9.0,-0.11,0.02,-0.01
1945671,1.89,-1.35,-9.07,-0.1,0.01,-0.01
1945685,1.9,-1.38,-9.1,-0.1,0.0,-0.0
1945699,1.87,-1.43,-9.12,-0.1,-0.0,-0.01
1945712,1.87,-1.44,-9.18,-0.11,0.0,-0.02
1945726,1.9,-1.41,-9.16,-0.12,0.01,-0.02
1945740,1.91,-1.39,-9.13,-0.13,0.01,-0.03
1945753,1.95,-1.34,-9.12,-0.13,-0.01,-0.02
1945767,1.92,-1.29,-9.02,-0.12,-0.03,-0.01
1945781,1.89,-1.31,-8.99,-0.09,-0.05,-0.01
1945794,1.81,-1.37,-8.98,-0.08,-0.04,-0.01
1945808,1.79,-1.43,-8.98,-0.09,-0.02,-0.01
1945822,1.77,-1.46,-8.98,-0.1,-0.0,-0.02
1945835,1.76,-1.4,-8.96,-0.1,0.01,-0.02
1945849,1.8,-1.41,-8.93,-0.11,0.0,-0.02
1945863,1.82,-1.33,-8.89,-0.1,-0.01,-0.01
1945876,1.86,-1.32,-8.93,-0.09,-0.02,0.0
1945890,1.79,-1.36,-8.98,-0.09,-0.02,-0.0
1945904,1.74,-1.39,-8.97,-0.09,-0.0,-0.02
1945917,1.72,-1.44,-8.93,-0.12,0.0,-0.03
1945931,1.72,-1.38,-8.92,-0.12,0.0,-0.03
1945945,1.76,-1.29,-8.93,-0.11,0.01,-0.02
1945958,1.82,-1.29,-8.94,-0.07,0.01,-0.0
1945972,1.84,-1.34,-8.97,-0.06,0.02,0.0
1945986,1.83,-1.43,-8.95,-0.07,0.02,-0.01
1945999,1.84,-1.46,-9.02,-0.1,0.03,-0.02
1946013,1.87,-1.4,-9.04,-0.13,0.03,-0.02
1946027,1.86,-1.33,-9.01,-0.12,0.01,-0.01
1946040,1.85,-1.25,-8.98,-0.09,-0.01,-0.0
1946054,1.84,-1.27,-8.97,-0.06,-0.01,-0.0
1946068,1.79,-1.41,-8.99,-0.07,0.0,-0.02
1946081,1.8,-1.47,-8.96,-0.11,0.01,-0.03
1946095,1.78,-1.5,-9.07,-0.14,0.03,-0.04
1946109,1.85,-1.45,-9.08,-0.13,0.04,-0.03
1946122,1.9,-1.43,-9.04,-0.11,0.03,-0.01
1946136,1.87,-1.4,-9.03,-0.09,0.0,0.01
1946150,1.82,-1.37,-9.04,-0.08,-0.02,0.01
1946163,1.82,-1.4,-9.11,-0.08,-0.01,-0.0
1946177,1.85,-1.39,-9.06,-0.09,0.02,-0.02
1946191,1.84,-1.42,-9.02,-0.11,0.02,-0.02
1946204,1.88,-1.38,-9.0,-0.11,0.01,-0.03
1946218,1.83,-1.32,-8.96,-0.1,-0.0,-0.02
1946232,1.8,-1.39,-8.93,-0.09,-0.01,-0.01
1946246,1.78,-1.28,-8.95,-0.05,-0.02,0.01
1946259,1.78,-1.34,-8.91,-0.01,-0.01,0.03
1946273,1.78,-1.28,-9.0,0.04,0.0,0.04
1946287,1.77,-1.44,-9.03,0.07,0.0,0.05
1946300,1.77,-1.63,-9.01,0.02,0.0,0.03
1946314,1.81,-1.66,-9.04,-0.08,0.01,-0.01
1946328,1.84,-1.54,-9.01,-0.16,0.01,-0.04
1946341,1.83,-1.37,-8.95,-0.18,0.01,-0.04
1946355,1.8,-1.27,-9.0,-0.13,0.01,-0.02
1946369,1.83,-1.32,-9.0,-0.06,0.0,-0.0
1946382,1.8,-1.47,-9.04,-0.05,0.01,0.01
1946396,1.81,-1.58,-9.09,-0.07,0.01,-0.01
1946410,1.84,-1.56,-9.09,-0.12,0.01,-0.02
1946423,1.82,-1.48,-9.05,-0.14,-0.01,-0.04
1946437,1.82,-1.41,-9.04,-0.13,-0.02,-0.04
1946451,1.81,-1.41,-9.02,-0.1,-0.01,-0.03
1946464,1.8,-1.42,-8.99,-0.08,-0.0,-0.01
1946478,1.79,-1.43,-9.01,-0.08,0.01,-0.01
1946492,1.79,-1.46,-9.0,-0.09,0.01,-0.02
1946505,1.78,-1.46,-9.0,-0.1,0.01,-0.03
1946519,1.85,-1.42,-8.95,-0.11,0.0,-0.03
1946533,1.83,-1.43,-8.95,-0.11,-0.01,-0.02
1946546,1.79,-1.43,-8.91,-0.09,-0.02,-0.02
1946560,1.69,-1.49,-8.94,-0.09,-0.01,-0.02
1946574,1.67,-1.54,-8.94,-0.1,0.01,-0.03
1946587,1.7,-1.49,-8.91,-0.11,0.02,-0.02
1946601,1.78,-1.44,-8.98,-0.1,0.03,-0.01
1946615,1.86,-1.41,-9.0,-0.08,0.02,0.0
1946628,1.89,-1.47,-9.02,-0.07,0.01,0.01
1946642,1.87,-1.56,-9.06,-0.09,0.01,-0.01
1946656,1.85,-1.51,-9.0,-0.12,-0.01,-0.02
1946669,1.84,-1.42,-8.96,-0.13,-0.01,-0.03
1946683,1.79,-1.41,-8.94,-0.12,-0.01,-0.03
1946697,1.77,-1.41,-8.99,-0.1,0.01,-0.03
1946710,1.81,-1.43,-8.99,-0.09,0.03,-0.02
1946724,1.83,-1.48,-8.99,-0.09,0.03,-0.02
1946738,1.85,-1.44,-8.95,-0.09,0.02,-0.02
1946751,1.82,-1.42,-8.98,-0.1,0.0,-0.02
1946765,1.82,-1.41,-9.02,-0.09,0.0,-0.02
1946779,1.83,-1.47,-9.0,-0.08,0.01,-0.02
1946792,1.8,-1.56,-9.09,-0.09,0.02,-0.02
1946806,1.84,-1.57,-9.06,-0.1,0.03,-0.02
1946820,1.85,-1.49,-9.0,-0.11,0.02,-0.02
1946833,1.86,-1.43,-8.98,-0.1,-0.0,-0.01
1946847,1.8,-1.45,-8.96,-0.09,-0.02,-0.01
1946861,1.8,-1.47,-8.98,-0.09,-0.01,-0.01
1946875,1.81,-1.5,-8.99,-0.09,0.01,-0.01
1946888,1.8,-1.56,-9.0,-0.1,0.03,-0.02
1946902,1.81,-1.53,-9.02,-0.11,0.03,-0.02
1946916,1.81,-1.53,-9.01,-0.12,0.02,-0.02
1946929,1.81,-1.47,-9.04,-0.12,0.01,-0.02
1946943,1.83,-1.45,-9.01,-0.11,0.0,-0.01
1946957,1.84,-1.42,-9.03,-0.1,0.01,0.0
1946970,1.87,-1.43,-9.04,-0.08,0.02,0.01
1946984,1.86,-1.44,-9.05,-0.08,0.02,0.0
1946998,1.86,-1.47,-9.01,-0.09,0.01,-0.01
1947011,1.86,-1.46,-8.97,-0.11,-0.0,-0.02
1947025,1.84,-1.43,-9.02,-0.12,-0.0,-0.03
1947039,1.82,-1.43,-8.98,-0.11,-0.01,-0.03
1947053,1.81,-1.41,-8.96,-0.11,-0.01,-0.02
1947066,1.78,-1.42,-8.93,-0.09,-0.01,-0.01
1947080,1.75,-1.43,-8.99,-0.09,0.0,-0.02
1947094,1.77,-1.48,-8.97,-0.1,0.02,-0.02
1947107,1.8,-1.51,-8.97,-0.12,0.02,-0.03
1947121,1.8,-1.46,-8.99,-0.13,0.02,-0.03
1947135,1.8,-1.41,-9.02,-0.12,0.02,-0.03
1947148,1.84,-1.41,-9.1,-0.11,0.01,-0.02
1947162,1.84,-1.4,-9.06,-0.09,0.01,-0.02
1947176,1.86,-1.42,-9.04,-0.09,0.0,-0.01
1947190,1.87,-1.42,-9.06,-0.09,-0.0,-0.01
1947203,1.85,-1.47,-9.05,-0.1,-0.0,-0.02
1947217,1.82,-1.51,-9.05,-0.1,-0.01,-0.02
1947231,1.78,-1.51,-8.98,-0.11,-0.01,-0.03
1947244,1.77,-1.44,-8.92,-0.11,-0.02,-0.02
1947258,1.79,-1.4,-8.9,-0.09,-0.01,-0.01
1947272,1.79,-1.43,-8.94,-0.07,-0.0,-0.0
1947285,1.8,-1.51,-8.94,-0.07,0.01,-0.0
1947299,1.8,-1.56,-8.96,-0.09,0.02,-0.01
1947313,1.82,-1.55,-8.97,-0.12,0.02,-0.03
1947326,1.8,-1.51,-8.95,-0.13,0.01,-0.04
1947340,1.81,-1.43,-8.92,-0.13,0.01,-0.03
1947354,1.78,-1.38,-8.92,-0.1,0.01,-0.02
1947367,1.78,-1.39,-8.97,-0.06,0.0,-0.0
1947381,1.81,-1.48,-9.03,-0.02,0.01,0.0
1947395,1.87,-1.54,-9.04,-0.01,0.02,0.01
1947408,1.87,-1.59,-8.99,-0.03,0.02,0.0
1947422,1.86,-1.58,-9.08,-0.06,0.02,-0.01
1947436,1.89,-1.53,-9.04,-0.09,0.02,-0.02
1947449,1.86,-1.55,-9.06,-0.12,0.02,-0.03
1947463,1.87,-1.44,-9.05,-0.12,0.0,-0.03
1947477,1.87,-1.42,-8.98,-0.12,-0.01,-0.02
1947490,1.81,-1.43,-8.97,-0.1,-0.02,-0.02
1947504,1.77,-1.4,-8.98,-0.08,-0.02,-0.01
1947518,1.77,-1.49,-8.99,-0.08,0.0,-0.02
1947531,1.81,-1.52,-9.01,-0.09,0.02,-0.03
1947545,1.83,-1.52,-9.05,-0.1,0.03,-0.03
1947559,1.84,-1.49,-9.0,-0.12,0.02,-0.03
1947572,1.83,-1.46,-8.92,-0.12,-0.0,-0.03
1947586,1.79,-1.44,-8.91,-0.1,-0.02,-0.02
1947600,1.75,-1.49,-8.97,-0.09,-0.01,-0.01
1947613,1.72,-1.54,-9.04,-0.08,0.01,-0.01
1947628,1.76,-1.58,-9.04,-0.09,0.04,-0.01
1947641,1.81,-1.55,-9.03,-0.09,0.05,-0.01
1947655,1.86,-1.5,-9.0,-0.08,0.03,-0.01
1947669,1.83,-1.51,-8.98,-0.09,0.02,-0.02
1947682,1.84,-1.46,-8.98,-0.1,0.0,-0.02
1947696,1.82,-1.43,-8.95,-0.11,-0.0,-0.01
1947710,1.8,-1.42,-8.97,-0.09,0.0,-0.01
1947723,1.82,-1.45,-8.99,-0.08,0.01,-0.01
1947737,1.82,-1.53,-9.02,-0.07,0.02,-0.01
1947751,1.82,-1.58,-9.05,-0.08,0.03,-0.02
1947764,1.82,-1.59,-9.01,-0.1,0.02,-0.02
1947778,1.83,-1.57,-8.9,-0.11,-0.0,-0.02
1947792,1.78,-1.51,-8.93,-0.12,-0.02,-0.02
1947805,1.79,-1.48,-8.97,-0.11,-0.01,-0.0
1947819,1.78,-1.5,-9.02,-0.09,0.01,0.01
1947833,1.85,-1.52,-9.01,-0.07,0.02,0.0
1947846,1.89,-1.51,-9.0,-0.09,0.02,0.0
1947860,1.88,-1.5,-9.04,-0.1,0.01,-0.01
1947874,1.86,-1.47,-9.04,-0.11,-0.0,-0.03
1947887,1.79,-1.5,-8.96,-0.12,-0.01,-0.04
1947901,1.73,-1.49,-8.89,-0.13,-0.03,-0.04
1947915,1.73,-1.5,-8.94,-0.11,-0.02,-0.03
1947928,1.75,-1.51,-8.99,-0.08,0.0,-0.01
1947942,1.82,-1.53,-9.01,-0.07,0.03,0.01
1947956,1.84,-1.57,-9.02,-0.07,0.03,0.01
1947969,1.87,-1.56,-9.0,-0.09,0.02,-0.0
1947983,1.86,-1.47,-9.0,-0.12,0.01,-0.02
1947997,1.84,-1.46,-9.02,-0.13,-0.01,-0.04
1948010,1.86,-1.45,-8.98,-0.13,-0.01,-0.04
1948024,1.84,-1.46,-8.97,-0.11,-0.01,-0.03
1948038,1.8,-1.47,-8.9,-0.1,-0.01,-0.01
1948051,1.78,-1.46,-8.95,-0.09,-0.0,-0.0
1948065,1.82,-1.47,-8.96,-0.09,0.01,-0.01
1948079,1.84,-1.51,-9.03,-0.1,0.02,-0.02
1948093,1.85,-1.55,-9.09,-0.11,0.02,-0.03
1948106,1.88,-1.54,-9.04,-0.12,0.0,-0.03
1948120,1.88,-1.47,-9.02,-0.13,-0.02,-0.03
1948134,1.84,-1.45,-9.0,-0.11,-0.04,-0.03
1948147,1.78,-1.44,-9.01,-0.1,-0.04,-0.02
1948161,1.77,-1.48,-8.97,-0.08,-0.02,-0.02
1948175,1.76,-1.54,-8.99,-0.09,-0.0,-0.02
1948188,1.79,-1.59,-8.97,-0.1,0.0,-0.03
1948202,1.78,-1.58,-8.98,-0.12,0.0,-0.03
1948216,1.77,-1.57,-8.93,-0.13,-0.0,-0.04
1948229,1.78,-1.52,-8.9,-0.13,-0.01,-0.03
1948243,1.75,-1.47,-8.91,-0.11,-0.01,-0.02
1948257,1.74,-1.47,-8.91,-0.09,-0.01,-0.01
1948270,1.72,-1.49,-8.96,-0.08,0.01,-0.01
1948284,1.74,-1.55,-8.94,-0.09,0.02,-0.01
1948298,1.73,-1.59,-8.94,-0.11,0.02,-0.02
1948311,1.78,-1.52,-8.98,-0.11,0.01,-0.02
1948325,1.78,-1.55,-8.97,-0.13,0.02,-0.02
1948339,1.82,-1.43,-8.97,-0.11,0.02,-0.02
1948353,1.84,-1.41,-8.96,-0.09,0.02,0.0
1948366,1.84,-1.51,-9.04,-0.08,0.02,0.01
1948380,1.86,-1.56,-9.11,-0.09,0.03,-0.0
1948394,1.83,-1.53,-9.06,-0.1,0.02,-0.01
1948407,1.85,-1.49,-9.04,-0.12,0.0,-0.02
1948421,1.81,-1.41,-9.01,-0.11,-0.02,-0.02
1948435,1.8,-1.44,-8.99,-0.1,-0.03,-0.01
1948449,1.77,-1.47,-8.99,-0.1,-0.01,-0.02
1948462,1.77,-1.5,-9.03,-0.1,0.01,-0.02
1948476,1.77,-1.55,-9.05,-0.11,0.03,-0.02
1948490,1.78,-1.54,-9.01,-0.11,0.03,-0.01
1948503,1.84,-1.46,-9.03,-0.1,0.01,-0.01
1948517,1.84,-1.48,-9.09,-0.08,-0.0,-0.0
1948531,1.81,-1.57,-9.03,-0.09,-0.01,-0.01
1948544,1.76,-1.58,-8.95,-0.12,-0.02,-0.01
1948558,1.73,-1.51,-8.91,-0.13,-0.02,-0.02
1948572,1.74,-1.43,-8.91,-0.12,-0.01,-0.02
1948585,1.76,-1.42,-8.93,-0.1,0.01,-0.0
1948599,1.77,-1.51,-8.99,-0.08,0.02,-0.0
1948613,1.82,-1.52,-9.05,-0.08,0.03,-0.0
1948626,1.84,-1.55,-9.01,-0.09,0.03,-0.01
1948640,1.84,-1.55,-9.02,-0.11,0.01,-0.01
1948654,1.82,-1.48,-8.95,-0.12,-0.01,-0.01
1948667,1.79,-1.42,-8.94,-0.1,-0.02,-0.01
1948681,1.75,-1.43,-8.95,-0.08,-0.0,-0.01
1948695,1.75,-1.5,-8.98,-0.09,0.02,-0.01
1948708,1.76,-1.57,-9.03,-0.1,0.03,-0.01
1948722,1.81,-1.49,-9.02,-0.11,0.03,-0.01
1948736,1.83,-1.44,-9.03,-0.11,0.02,-0.01
1948749,1.83,-1.43,-9.0,-0.1,-0.0,-0.01
1948763,1.82,-1.44,-9.01,-0.1,-0.02,-0.01
1948777,1.81,-1.47,-8.98,-0.11,-0.02,-0.01
1948790,1.78,-1.48,-8.96,-0.11,-0.02,-0.02
1948804,1.77,-1.45,-8.99,-0.1,-0.0,-0.02
1948818,1.77,-1.47,-9.02,-0.1,0.02,-0.02
1948831,1.8,-1.52,-8.99,-0.1,0.03,-0.02
1948845,1.8,-1.5,-9.01,-0.11,0.02,-0.02
1948859,1.83,-1.48,-8.99,-0.11,0.0,-0.02
1948872,1.78,-1.46,-9.0,-0.1,-0.01,-0.02
1948886,1.76,-1.59,-8.99,-0.1,-0.0,-0.01
1948900,1.75,-1.47,-8.99,-0.1,0.0,-0.01
1948913,1.76,-1.49,-9.04,-0.1,0.01,-0.0
1948928,1.74,-1.5,-9.1,-0.09,0.02,-0.01
1948941,1.79,-1.53,-9.13,-0.1,0.02,-0.02
1948955,1.82,-1.56,-9.1,-0.12,0.02,-0.03
1948969,1.86,-1.5,-9.0,-0.14,0.01,-0.03
1948982,1.84,-1.39,-8.91,-0.13,-0.03,-0.02
1948996,1.79,-1.32,-8.91,-0.1,-0.04,-0.0
1949010,1.73,-1.37,-8.9,-0.06,-0.03,0.0
1949023,1.7,-1.47,-8.97,-0.06,0.01,-0.0
1949037,1.73,-1.56,-9.02,-0.08,0.05,-0.02
1949051,1.75,-1.62,-9.0,-0.12,0.05,-0.02
1949064,1.76,-1.47,-8.94,-0.12,0.02,-0.02
1949078,1.79,-1.37,-8.94,-0.1,-0.01,-0.01
1949092,1.75,-1.48,-8.99,-0.09,-0.02,-0.01
1949105,1.73,-1.51,-9.06,-0.1,0.01,-0.01
1949119,1.76,-1.52,-9.03,-0.11,0.03,-0.02
1949133,1.79,-1.46,-8.96,-0.11,0.03,-0.02
1949146,1.83,-1.39,-8.96,-0.09,0.01,-0.01
1949160,1.83,-1.41,-9.01,-0.08,0.01,-0.01
1949174,1.79,-1.45,-9.01,-0.09,0.01,-0.01
1949187,1.73,-1.51,-8.91,-0.1,0.01,-0.02
1949201,1.67,-1.53,-8.88,-0.12,-0.01,-0.02
1949215,1.69,-1.46,-8.87,-0.11,-0.01,-0.02
1949228,1.7,-1.43,-8.84,-0.1,0.01,-0.01
1949242,1.73,-1.45,-8.99,-0.08,0.04,-0.0
1949256,1.82,-1.51,-9.05,-0.08,0.08,-0.01
1949269,1.88,-1.53,-9.07,-0.1,0.08,-0.01
1949283,1.9,-1.55,-9.12,-0.12,0.04,-0.02
1949297,1.89,-1.48,-9.14,-0.12,0.01,-0.03
1949310,1.85,-1.45,-9.18,-0.12,-0.02,-0.02
1949324,1.88,-1.49,-9.14,-0.1,-0.03,-0.01
1949338,1.86,-1.47,-9.08,-0.08,-0.02,0.0
1949352,1.86,-1.45,-9.05,-0.07,-0.02,0.0
1949365,1.85,-1.44,-9.06,-0.08,-0.0,-0.01
1949379,1.82,-1.49,-9.05,-0.1,0.01,-0.03
1949393,1.83,-1.5,-9.03,-0.12,0.01,-0.05
1949406,1.82,-1.5,-9.01,-0.14,-0.01,-0.04
1949420,1.78,-1.47,-9.0,-0.12,-0.03,-0.03
1949434,1.75,-1.44,-8.9,-0.08,-0.04,-0.01
1949447,1.71,-1.48,-8.95,-0.06,-0.03,0.01
1949461,1.72,-1.54,-8.98,-0.06,0.01,0.0
1949475,1.74,-1.61,-8.98,-0.09,0.03,-0.01
1949488,1.79,-1.55,-8.88,-0.12,0.02,-0.03
1949502,1.78,-1.42,-8.88,-0.12,-0.01,-0.03
1949516,1.79,-1.3,-8.9,-0.09,-0.02,-0.01
1949529,1.77,-1.38,-8.95,-0.06,-0.01,-0.0
1949543,1.73,-1.5,-9.02,-0.07,0.01,-0.01
1949557,1.75,-1.57,-9.03,-0.1,0.03,-0.03
1949570,1.78,-1.56,-9.0,-0.14,0.03,-0.05
1949584,1.8,-1.52,-9.0,-0.15,0.02,-0.06
1949598,1.8,-1.41,-9.01,-0.12,0.0,-0.04
1949611,1.81,-1.43,-8.95,-0.09,-0.0,-0.01
1949625,1.81,-1.47,-8.95,-0.07,-0.0,0.0
1949639,1.8,-1.55,-9.05,-0.07,0.01,0.0
1949652,1.77,-1.59,-9.05,-0.09,0.02,-0.01
1949666,1.79,-1.59,-9.06,-0.12,0.02,-0.03
1949680,1.77,-1.55,-9.02,-0.13,0.01,-0.04
1949693,1.8,-1.45,-8.97,-0.12,-0.01,-0.03
1949707,1.78,-1.44,-8.97,-0.09,-0.01,-0.01
1949721,1.79,-1.51,-8.96,-0.07,-0.01,0.0
1949734,1.76,-1.54,-8.99,-0.08,0.0,0.0
1949748,1.77,-1.52,-9.04,-0.09,0.02,-0.0
1949762,1.79,-1.48,-8.97,-0.1,0.02,-0.01
1949775,1.82,-1.49,-8.99,-0.1,0.01,-0.02
1949789,1.81,-1.47,-9.01,-0.1,0.0,-0.02
1949803,1.8,-1.5,-8.98,-0.1,-0.0,-0.02
1949816,1.75,-1.54,-8.94,-0.11,-0.01,-0.02
1949830,1.71,-1.5,-8.92,-0.11,-0.01,-0.01
1949844,1.74,-1.41,-8.92,-0.09,0.0,-0.01
1949857,1.76,-1.41,-8.92,-0.07,0.02,-0.0
1949871,1.77,-1.52,-8.99,-0.07,0.04,-0.0
1949885,1.79,-1.61,-9.08,-0.1,0.04,-0.01
1949898,1.85,-1.57,-9.06,-0.12,0.03,-0.02
1949912,1.85,-1.48,-9.06,-0.12,0.01,-0.02
1949926,1.85,-1.41,-9.01,-0.11,-0.02,-0.01
1949940,1.81,-1.42,-8.94,-0.09,-0.03,-0.0
1949953,1.75,-1.49,-8.98,-0.08,-0.02,-0.01
1949967,1.72,-1.59,-9.02,-0.09,0.0,-0.02
1949981,1.79,-1.56,-9.01,-0.11,0.03,-0.01
1949994,1.86,-1.44,-9.02,-0.1,0.04,0.0
1950008,1.9,-1.38,-9.05,-0.07,0.03,0.01
1950022,1.9,-1.41,-9.08,-0.06,0.02,-0.0
1950035,1.86,-1.5,-9.09,-0.09,0.0,-0.02
1950049,1.8,-1.51,-9.09,-0.13,-0.02,-0.04
1950063,1.8,-1.46,-9.02,-0.14,-0.03,-0.05
1950076,1.74,-1.46,-9.0,-0.12,-0.04,-0.04
1950090,1.74,-1.49,-8.99,-0.09,-0.02,-0.02
1950104,1.76,-1.52,-8.91,-0.07,-0.0,-0.01
1950117,1.78,-1.55,-8.94,-0.08,0.01,-0.0
1950131,1.78,-1.55,-8.96,-0.1,0.01,-0.01
1950145,1.77,-1.59,-9.02,-0.11,0.01,-0.03
1950158,1.8,-1.59,-9.02,-0.13,0.01,-0.03
1950172,1.76,-1.55,-8.93,-0.13,-0.01,-0.02
1950186,1.73,-1.48,-8.88,-0.12,-0.03,-0.01
1950199,1.7,-1.44,-8.82,-0.09,-0.02,-0.0
1950213,1.65,-1.51,-8.88,-0.07,0.0,0.0
1950227,1.69,-1.56,-8.97,-0.07,0.04,-0.0
1950240,1.76,-1.58,-9.02,-0.09,0.06,-0.01
1950254,1.82,-1.56,-9.01,-0.1,0.05,-0.01
1950268,1.87,-1.44,-9.03,-0.1,0.02,-0.01
1950281,1.83,-1.41,-9.03,-0.09,-0.01,-0.0
1950295,1.81,-1.47,-9.05,-0.09,-0.02,0.0
1950309,1.78,-1.5,-9.06,-0.09,-0.01,0.0
1950322,1.79,-1.48,-9.01,-0.09,-0.0,0.0
1950336,1.8,-1.45,-8.96,-0.09,0.0,0.0
1950350,1.77,-1.47,-9.01,-0.08,0.01,-0.0
1950363,1.75,-1.47,-8.99,-0.09,0.01,-0.02
1950378,1.72,-1.54,-8.98,-0.1,0.0,-0.03
1950391,1.77,-1.51,-8.95,-0.12,0.0,-0.03
1950405,1.77,-1.5,-9.01,-0.11,0.0,-0.02
1950419,1.76,-1.53,-9.04,-0.1,0.01,-0.01
1950432,1.73,-1.53,-9.01,-0.1,0.0,-0.0
1950446,1.68,-1.5,-8.98,-0.1,0.0,-0.01
1950460,1.72,-1.43,-8.95,-0.1,0.01,-0.01
1950473,1.75,-1.42,-8.96,-0.1,0.01,-0.01
1950487,1.78,-1.48,-8.97,-0.09,0.02,-0.02
1950501,1.79,-1.53,-8.99,-0.1,0.02,-0.02
1950514,1.78,-1.57,-9.0,-0.11,0.02,-0.03
1950528,1.8,-1.53,-9.0,-0.12,0.02,-0.02
1950542,1.79,-1.49,-9.03,-0.11,0.01,-0.02
1950555,1.74,-1.54,-9.08,-0.1,0.01,-0.01
1950569,1.8,-1.54,-9.06,-0.09,0.01,-0.01
1950583,1.81,-1.53,-8.99,-0.09,0.01,-0.0
1950596,1.8,-1.47,-8.97,-0.08,0.0,-0.0
1950610,1.8,-1.44,-8.94,-0.08,0.0,-0.01
1950624,1.78,-1.51,-9.02,-0.08,0.02,-0.01
1950637,1.81,-1.55,-9.11,-0.09,0.03,-0.02
1950651,1.84,-1.56,-9.15,-0.1,0.03,-0.02
1950665,1.86,-1.54,-9.09,-0.11,0.02,-0.02
1950678,1.85,-1.51,-9.01,-0.11,-0.02,-0.02
1950692,1.83,-1.44,-8.92,-0.1,-0.04,-0.02
1950706,1.76,-1.41,-8.89,-0.1,-0.04,-0.02
1950719,1.67,-1.48,-8.9,-0.1,-0.01,-0.03
1950733,1.7,-1.56,-8.96,-0.1,0.03,-0.03
1950747,1.73,-1.61,-9.01,-0.11,0.06,-0.02
1950760,1.77,-1.61,-9.02,-0.11,0.05,-0.02
1950774,1.83,-1.52,-9.0,-0.11,0.02,-0.01
1950788,1.82,-1.46,-8.97,-0.11,-0.02,-0.01
1950801,1.76,-1.45,-8.97,-0.09,-0.03,-0.01
1950815,1.75,-1.49,-9.01,-0.08,-0.01,-0.01
1950829,1.76,-1.56,-9.0,-0.09,0.02,-0.01
1950842,1.79,-1.6,-9.01,-0.1,0.03,-0.01
1950856,1.83,-1.55,-9.0,-0.1,0.03,-0.01
1950870,1.85,-1.51,-9.02,-0.12,0.01,-0.02
1950884,1.83,-1.48,-9.02,-0.11,-0.0,-0.02
1950897,1.83,-1.47,-9.02,-0.1,-0.01,-0.02
1950911,1.79,-1.54,-9.03,-0.1,-0.01,-0.01
1950925,1.78,-1.54,-8.97,-0.09,-0.02,-0.01
1950938,1.75,-1.51,-8.97,-0.09,-0.01,-0.0
1950952,1.73,-1.47,-9.01,-0.08,0.0,-0.01
1950966,1.75,-1.52,-9.02,-0.09,0.02,-0.01
1950979,1.77,-1.52,-8.97,-0.1,0.03,-0.02
1950993,1.81,-1.48,-8.98,-0.1,0.01,-0.02
1951007,1.78,-1.49,-8.97,-0.09,-0.0,-0.02
1951020,1.77,-1.51,-8.98,-0.09,-0.01,-0.02
1951034,1.71,-1.53,-8.9,-0.1,-0.01,-0.02
1951048,1.64,-1.59,-8.88,-0.11,-0.01,-0.01
1951061,1.69,-1.51,-8.89,-0.1,-0.0,-0.01
1951075,1.71,-1.5,-8.94,-0.08,0.02,0.0
1951089,1.77,-1.55,-8.96,-0.07,0.04,0.01
1951102,1.8,-1.57,-8.95,-0.07,0.04,0.0
1951116,1.83,-1.61,-9.01,-0.1,0.04,-0.01
1951130,1.88,-1.52,-9.06,-0.12,0.02,-0.02
1951143,1.87,-1.44,-9.01,-0.12,0.0,-0.02
1951157,1.82,-1.39,-9.03,-0.1,-0.02,-0.02
1951171,1.76,-1.44,-9.02,-0.08,-0.02,-0.01
1951184,1.78,-1.49,-8.96,-0.07,-0.0,-0.01
1951198,1.78,-1.61,-9.0,-0.08,0.02,-0.02
1951212,1.8,-1.6,-9.01,-0.11,0.03,-0.03
1951225,1.81,-1.56,-8.99,-0.12,0.03,-0.03
1951239,1.8,-1.46,-8.94,-0.11,0.01,-0.02
1951253,1.79,-1.43,-9.0,-0.1,0.0,-0.02
1951266,1.8,-1.48,-9.0,-0.09,0.0,-0.02
1951280,1.78,-1.5,-8.98,-0.09,0.0,-0.02
1951294,1.76,-1.5,-8.93,-0.08,-0.0,-0.01
1951307,1.77,-1.51,-8.93,-0.08,0.0,-0.01
1951321,1.76,-1.53,-8.93,-0.09,0.01,-0.01
1951335,1.76,-1.6,-8.97,-0.1,0.02,-0.02
1951348,1.79,-1.57,-8.97,-0.12,0.03,-0.03
1951362,1.77,-1.53,-8.93,-0.13,0.02,-0.02
1951376,1.72,-1.48,-8.99,-0.11,0.01,-0.02
1951390,1.76,-1.48,-9.04,-0.08,0.01,-0.01
1951403,1.77,-1.57,-9.04,-0.07,0.01,-0.0
1951417,1.77,-1.59,-8.98,-0.07,0.01,-0.0
1951431,1.79,-1.61,-8.99,-0.07,0.0,-0.0
1951444,1.82,-1.58,-9.0,-0.07,-0.0,-0.0
1951458,1.83,-1.61,-8.98,-0.06,-0.01,0.0
1951472,1.83,-1.5,-9.02,-0.03,-0.03,0.02
1951485,1.79,-1.65,-8.95,-0.06,-0.02,0.02
1951499,1.75,-1.53,-8.97,-0.05,-0.01,0.01
1951513,1.75,-1.57,-8.96,-0.07,0.01,0.0
1951526,1.7,-1.67,-8.94,-0.08,0.02,-0.01
1951540,1.72,-1.65,-8.96,-0.1,0.02,-0.01
1951554,1.72,-1.62,-8.98,-0.1,0.03,-0.01
1951567,1.74,-1.59,-8.98,-0.1,0.02,-0.0
1951581,1.82,-1.53,-8.98,-0.09,0.02,0.0
1951595,1.84,-1.47,-9.02,-0.08,0.01,0.0
1951608,1.85,-1.51,-8.99,-0.07,0.01,-0.0
1951622,1.74,-1.62,-9.02,-0.08,0.0,-0.01
1951636,1.71,-1.61,-8.98,-0.1,0.0,-0.02
1951649,1.7,-1.57,-8.93,-0.11,-0.0,-0.02
1951663,1.75,-1.51,-8.91,-0.09,0.0,-0.01
1951677,1.77,-1.48,-8.97,-0.06,0.02,0.01
1951690,1.81,-1.6,-9.02,-0.05,0.04,0.01
1951704,1.83,-1.73,-9.08,-0.07,0.04,-0.0
1951718,1.85,-1.7,-9.04,-0.12,0.02,-0.02
1951731,1.85,-1.62,-8.99,-0.16,-0.01,-0.03
1951745,1.81,-1.45,-8.93,-0.15,-0.02,-0.03
1951759,1.78,-1.39,-8.91,-0.1,-0.01,-0.02
1951772,1.79,-1.49,-9.0,-0.06,0.01,-0.01
1951786,1.8,-1.6,-9.02,-0.06,0.03,-0.0
1951800,1.84,-1.68,-9.0,-0.08,0.03,-0.01
1951813,1.82,-1.65,-8.99,-0.1,0.01,-0.02
1951828,1.82,-1.57,-9.01,-0.11,-0.01,-0.03
1951841,1.81,-1.56,-8.95,-0.11,-0.01,-0.03
1951855,1.77,-1.61,-8.95,-0.11,-0.01,-0.03
1951869,1.75,-1.63,-8.97,-0.1,0.01,-0.03
1951882,1.78,-1.62,-8.98,-0.1,0.02,-0.02
1951896,1.8,-1.64,-8.98,-0.09,0.01,-0.02
1951910,1.79,-1.63,-8.93,-0.08,0.0,-0.01
1951923,1.79,-1.65,-8.94,-0.09,-0.0,-0.02
1951937,1.79,-1.64,-9.0,-0.1,0.0,-0.01
1951951,1.77,-1.64,-8.96,-0.1,0.0,-0.01
1951964,1.75,-1.66,-9.01,-0.1,0.01,-0.01
1951978,1.77,-1.66,-9.04,-0.1,0.02,-0.02
1951992,1.79,-1.62,-8.99,-0.11,0.02,-0.01
1952005,1.81,-1.61,-8.97,-0.11,0.01,-0.01
1952019,1.82,-1.56,-8.98,-0.1,-0.0,-0.01
1952033,1.85,-1.57,-8.98,-0.08,-0.0,-0.01
1952046,1.84,-1.62,-9.04,-0.09,0.01,-0.0
1952060,1.85,-1.67,-9.02,-0.1,0.01,-0.01
1952074,1.82,-1.62,-8.94,-0.11,0.0,-0.01
1952087,1.75,-1.59,-8.92,-0.11,-0.01,-0.02
1952101,1.75,-1.59,-8.95,-0.1,-0.01,-0.02
1952115,1.76,-1.64,-9.02,-0.09,0.01,-0.01
1952128,1.77,-1.68,-9.03,-0.07,0.02,0.01
1952142,1.76,-1.72,-9.03,-0.07,0.01,0.01
1952156,1.77,-1.74,-9.02,-0.07,0.0,0.01
1952169,1.83,-1.7,-9.06,-0.08,-0.01,0.01
1952183,1.79,-1.75,-9.06,-0.09,-0.02,0.01
1952197,1.77,-1.71,-8.98,-0.1,-0.02,0.01
1952210,1.69,-1.65,-8.89,-0.1,-0.02,0.01
1952224,1.68,-1.62,-8.88,-0.09,-0.02,0.02
1952238,1.74,-1.6,-8.93,-0.07,0.0,0.03
1952251,1.79,-1.6,-8.96,-0.06,0.02,0.04
1952265,1.81,-1.64,-8.97,-0.06,0.03,0.04
1952279,1.85,-1.61,-9.03,-0.08,0.02,0.02
1952292,1.87,-1.63,-9.09,-0.1,0.01,0.01
1952306,1.87,-1.63,-9.11,-0.12,-0.0,-0.0
1952320,1.84,-1.58,-9.05,-0.13,-0.02,-0.01
1952333,1.8,-1.57,-9.03,-0.12,-0.03,-0.01
1952347,1.8,-1.56,-8.97,-0.11,-0.02,-0.02
1952361,1.77,-1.62,-8.88,-0.11,-0.02,-0.01
1952375,1.73,-1.66,-8.83,-0.12,-0.02,-0.01
1952388,1.71,-1.62,-8.98,-0.12,0.0,-0.01
1952402,1.75,-1.65,-9.06,-0.11,0.03,-0.01
1952416,1.8,-1.66,-9.05,-0.11,0.03,-0.0
1952430,1.81,-1.63,-9.0,-0.11,0.0,0.0
1952443,1.79,-1.54,-8.94,-0.11,-0.03,-0.0
1952457,1.73,-1.55,-8.93,-0.11,-0.05,-0.02
1952471,1.68,-1.59,-8.88,-0.12,-0.03,-0.03
1952484,1.69,-1.59,-8.87,-0.12,0.0,-0.02
1952498,1.68,-1.61,-8.84,-0.11,0.02,-0.01
1952512,1.72,-1.6,-8.89,-0.08,0.03,-0.0
1952525,1.76,-1.6,-8.9,-0.07,0.03,0.0
1952539,1.69,-1.61,-8.93,-0.09,0.01,-0.01
1952553,1.69,-1.62,-9.02,-0.12,0.01,-0.02
1952566,1.75,-1.61,-9.06,-0.13,0.01,-0.03
1952580,1.76,-1.62,-9.05,-0.12,0.01,-0.02
1952594,1.77,-1.61,-9.02,-0.11,0.01,-0.01
1952607,1.77,-1.59,-9.0,-0.1,0.0,-0.0
1952621,1.73,-1.6,-9.0,-0.1,0.0,-0.01
1952635,1.75,-1.61,-8.98,-0.11,0.01,-0.02
1952648,1.71,-1.62,-8.97,-0.12,0.01,-0.04
1952662,1.69,-1.68,-9.02,-0.11,0.02,-0.04
1952676,1.78,-1.64,-9.05,-0.11,0.02,-0.02
1952690,1.76,-1.7,-9.07,-0.1,0.02,0.0
1952703,1.79,-1.66,-9.06,-0.09,0.01,0.01
1952717,1.75,-1.6,-9.03,-0.09,-0.01,0.01
1952731,1.74,-1.57,-9.01,-0.1,-0.01,-0.0
1952744,1.79,-1.54,-9.03,-0.09,-0.01,-0.01
1952758,1.76,-1.59,-8.95,-0.09,-0.01,-0.01
1952772,1.65,-1.62,-8.93,-0.08,-0.01,-0.01
1952785,1.63,-1.66,-8.88,-0.09,-0.01,-0.01
1952799,1.64,-1.61,-8.88,-0.09,-0.0,-0.01
1952813,1.64,-1.62,-8.93,-0.09,0.02,-0.01
1952826,1.72,-1.62,-8.95,-0.09,0.03,-0.0
1952840,1.77,-1.61,-8.93,-0.1,0.03,0.0
1952854,1.76,-1.61,-8.98,-0.09,0.01,-0.0
1952867,1.81,-1.51,-8.95,-0.05,0.0,-0.0
1952881,1.79,-1.21,-8.96,0.05,-0.03,0.03
1952895,1.75,-1.61,-8.92,0.14,-0.06,0.07
1952908,1.66,-1.69,-8.9,0.16,-0.06,0.08
1952922,1.61,-1.89,-8.97,0.11,-0.03,0.07
1952936,1.67,-2.1,-8.98,-0.03,0.03,0.03
1952949,1.73,-1.91,-9.03,-0.15,0.06,-0.02
1952963,1.77,-1.72,-8.99,-0.21,0.06,-0.06
1952977,1.78,-1.56,-9.02,-0.2,0.03,-0.07
1952990,1.8,-1.55,-8.98,-0.15,-0.0,-0.05
1953004,1.72,-1.63,-8.96,-0.11,-0.03,-0.03
1953018,1.68,-1.7,-8.92,-0.09,-0.03,-0.02
1953031,1.64,-1.73,-8.94,-0.08,-0.01,-0.02
1953045,1.68,-1.77,-8.95,-0.09,0.02,-0.02
1953059,1.7,-1.78,-8.97,-0.1,0.04,-0.02
1953072,1.76,-1.75,-8.94,-0.11,0.04,-0.03
1953086,1.78,-1.72,-8.99,-0.11,0.03,-0.03
1953100,1.76,-1.67,-9.01,-0.11,0.0,-0.03
1953113,1.73,-1.71,-8.96,-0.1,-0.01,-0.02
1953127,1.69,-1.74,-8.95,-0.09,-0.02,-0.01
1953141,1.69,-1.72,-8.94,-0.08,-0.01,-0.01
1953154,1.66,-1.78,-8.92,-0.09,0.01,-0.01
1953168,1.68,-1.78,-8.94,-0.1,0.03,-0.02
1953182,1.71,-1.75,-8.96,-0.12,0.03,-0.03
1953195,1.75,-1.67,-8.94,-0.12,0.03,-0.02
1953209,1.77,-1.64,-8.93,-0.1,0.02,-0.02
1953223,1.77,-1.65,-8.93,-0.09,0.01,-0.02
1953236,1.74,-1.69,-8.92,-0.08,0.0,-0.02
1953250,1.72,-1.74,-8.97,-0.09,0.01,-0.02
1953264,1.73,-1.72,-8.93,-0.09,0.02,-0.02
1953278,1.74,-1.73,-8.97,-0.09,0.03,-0.02
1953291,1.73,-1.74,-8.96,-0.09,0.03,-0.02
1953305,1.76,-1.73,-8.92,-0.1,0.02,-0.02
1953319,1.73,-1.75,-8.96,-0.1,0.01,-0.03
1953332,1.75,-1.74,-8.99,-0.1,0.02,-0.03
1953346,1.71,-1.8,-8.94,-0.11,0.02,-0.03
1953360,1.66,-1.8,-8.89,-0.11,0.01,-0.02
1953373,1.69,-1.73,-8.88,-0.1,0.01,-0.01
1953387,1.72,-1.63,-8.91,-0.07,0.02,0.01
1953401,1.72,-1.7,-8.96,-0.06,0.04,0.01
1953414,1.77,-1.76,-9.01,-0.06,0.06,-0.0
1953428,1.84,-1.82,-9.0,-0.09,0.05,-0.02
1953442,1.86,-1.78,-8.99,-0.12,0.03,-0.03
1953455,1.82,-1.71,-8.99,-0.13,0.0,-0.04
1953469,1.78,-1.65,-8.98,-0.12,-0.01,-0.03
1953483,1.75,-1.65,-9.01,-0.09,0.0,-0.02
1953496,1.79,-1.73,-9.0,-0.06,0.02,-0.01
1953510,1.78,-1.84,-8.99,-0.07,0.03,-0.01
1953524,1.82,-1.83,-8.97,-0.08,0.02,-0.02
1953537,1.83,-1.75,-8.97,-0.1,0.01,-0.02
1953551,1.83,-1.67,-8.99,-0.09,0.0,-0.03
1953565,1.81,-1.72,-8.98,-0.07,-0.0,-0.04
1953578,1.79,-1.77,-8.94,-0.06,-0.01,-0.04
1953592,1.78,-1.81,-8.9,-0.07,-0.02,-0.03
