miliseg,AcX,AcY,AcZ,GyX,GyY,GyZ
1968470,9.86,1.58,0.33,-0.1,0.0,-0.01
1968484,9.87,1.6,0.36,-0.1,0.0,-0.01
1968497,9.88,1.59,0.36,-0.09,0.01,-0.02
1968511,9.87,1.56,0.37,-0.09,0.01,-0.02
1968525,9.89,1.55,0.36,-0.09,0.0,-0.02
1968538,9.89,1.54,0.36,-0.1,0.0,-0.02
1968552,9.91,1.51,0.34,-0.1,0.01,-0.02
1968566,9.89,1.53,0.39,-0.1,0.01,-0.02
1968579,9.89,1.53,0.37,-0.1,0.01,-0.02
1968593,9.89,1.5,0.36,-0.1,0.01,-0.02
1968607,9.89,1.46,0.35,-0.09,0.01,-0.03
1968620,9.9,1.45,0.34,-0.1,0.01,-0.02
1968634,9.91,1.48,0.38,-0.11,0.01,-0.02
1968648,9.87,1.49,0.38,-0.12,0.0,-0.02
1968661,9.86,1.55,0.4,-0.12,0.0,-0.01
1968675,9.87,1.58,0.39,-0.11,0.01,-0.01
1968689,9.86,1.6,0.37,-0.1,0.01,-0.01
1968702,9.86,1.61,0.34,-0.09,0.01,-0.01
1968716,9.9,1.61,0.34,-0.09,0.02,-0.01
1968729,9.92,1.6,0.36,-0.1,0.01,-0.02
1968742,9.89,1.61,0.32,-0.11,0.01,-0.02
1968756,9.9,1.61,0.35,-0.12,0.0,-0.03
1968770,9.89,1.61,0.33,-0.12,0.0,-0.03
1968783,9.88,1.6,0.33,-0.11,0.0,-0.02
1968797,9.85,1.59,0.32,-0.09,0.0,-0.02
1968811,9.87,1.57,0.37,-0.09,0.01,-0.02
1968825,9.89,1.55,0.34,-0.08,0.01,-0.02
1968838,9.88,1.52,0.34,-0.09,0.01,-0.02
1968852,9.88,1.53,0.37,-0.1,0.0,-0.02
1968866,9.89,1.52,0.34,-0.11,0.0,-0.02
1968879,9.89,1.52,0.35,-0.12,0.0,-0.03
1968893,9.92,1.52,0.37,-0.12,0.0,-0.03
1968907,9.91,1.53,0.37,-0.12,0.0,-0.02
1968920,9.89,1.55,0.35,-0.11,0.01,-0.02
1968934,9.88,1.57,0.34,-0.11,0.01,-0.02
1968948,9.86,1.55,0.35,-0.11,0.01,-0.01
1968961,9.85,1.56,0.35,-0.11,0.0,-0.01
1968975,9.85,1.55,0.38,-0.11,0.0,-0.02
1968989,9.84,1.55,0.33,-0.12,0.0,-0.02
1969002,9.82,1.57,0.33,-0.12,0.0,-0.02
1969016,9.83,1.56,0.39,-0.13,0.01,-0.02
1969030,9.9,1.55,0.41,-0.12,0.0,-0.03
1969043,9.94,1.57,0.4,-0.11,0.0,-0.03
1969057,9.91,1.55,0.37,-0.11,0.01,-0.03
1969071,9.89,1.55,0.36,-0.11,0.01,-0.02
1969084,9.87,1.54,0.34,-0.1,0.02,-0.01
1969098,9.9,1.54,0.33,-0.1,0.02,-0.01
1969112,9.89,1.57,0.3,-0.11,0.02,-0.02
1969125,9.87,1.58,0.3,-0.12,0.01,-0.02
1969139,9.89,1.6,0.3,-0.12,-0.0,-0.02
1969153,9.91,1.61,0.33,-0.12,-0.01,-0.03
1969166,9.89,1.6,0.39,-0.11,-0.01,-0.03
1969180,9.89,1.59,0.39,-0.1,-0.0,-0.03
1969194,9.89,1.56,0.39,-0.1,-0.0,-0.03
1969207,9.9,1.54,0.4,-0.1,0.0,-0.03
1969221,9.86,1.5,0.43,-0.12,0.0,-0.03
1969235,9.89,1.53,0.43,-0.12,0.0,-0.03
1969248,9.9,1.54,0.38,-0.12,0.0,-0.03
1969262,9.91,1.52,0.37,-0.11,0.0,-0.03
1969276,9.9,1.48,0.39,-0.1,0.01,-0.03
1969289,9.86,1.46,0.4,-0.1,0.01,-0.02
1969303,9.83,1.48,0.35,-0.1,0.01,-0.01
1969317,9.84,1.5,0.33,-0.1,0.01,-0.0
1969330,9.87,1.55,0.32,-0.11,0.01,0.01
1969344,9.86,1.61,0.37,-0.11,0.01,0.01
1969358,9.86,1.69,0.39,-0.11,0.01,0.01
1969371,9.88,1.73,0.42,-0.11,0.01,0.01
1969385,9.9,1.76,0.38,-0.1,0.02,0.0
1969399,9.9,1.78,0.37,-0.1,0.02,-0.01
1969412,9.89,1.77,0.37,-0.1,0.02,-0.03
1969426,9.9,1.74,0.33,-0.1,0.02,-0.04
1969440,9.89,1.68,0.31,-0.1,0.02,-0.05
1969453,9.88,1.63,0.3,-0.1,0.01,-0.05
1969467,9.9,1.56,0.3,-0.1,0.0,-0.05
1969481,9.91,1.5,0.3,-0.1,-0.0,-0.04
1969494,9.92,1.47,0.32,-0.1,-0.01,-0.03
1969508,9.88,1.46,0.33,-0.1,-0.01,-0.03
1969522,9.88,1.46,0.39,-0.1,-0.01,-0.02
1969535,9.89,1.47,0.38,-0.1,-0.01,-0.02
1969549,9.9,1.44,0.41,-0.1,-0.01,-0.02
1969563,9.89,1.46,0.42,-0.11,-0.0,-0.02
1969576,9.88,1.46,0.45,-0.11,0.0,-0.01
1969590,9.87,1.51,0.42,-0.12,0.01,-0.0
1969604,9.89,1.55,0.4,-0.12,0.02,0.01
1969617,9.92,1.58,0.41,-0.11,0.02,0.01
1969631,9.92,1.61,0.42,-0.11,0.02,0.01
1969645,9.89,1.62,0.39,-0.12,0.01,0.01
1969658,9.88,1.64,0.34,-0.15,0.01,-0.0
1969672,9.92,1.69,0.32,-0.16,0.01,-0.01
1969686,9.96,1.71,0.33,-0.15,0.0,-0.02
1969699,9.94,1.7,0.31,-0.14,-0.01,-0.03
1969713,9.87,1.66,0.32,-0.13,-0.01,-0.04
1969727,9.89,1.61,0.32,-0.13,-0.02,-0.05
1969741,9.9,1.57,0.29,-0.14,-0.02,-0.05
1969754,9.87,1.54,0.35,-0.15,-0.03,-0.05
1969768,9.84,1.52,0.35,-0.16,-0.04,-0.05
1969782,9.8,1.52,0.38,-0.15,-0.04,-0.05
1969795,9.78,1.54,0.41,-0.14,-0.03,-0.04
1969809,9.8,1.51,0.43,-0.12,-0.02,-0.03
1969823,9.82,1.5,0.45,-0.1,-0.0,-0.02
1969836,9.82,1.5,0.44,-0.1,0.01,-0.02
1969850,9.85,1.53,0.43,-0.09,0.02,-0.01
1969864,9.88,1.57,0.4,-0.09,0.03,-0.01
1969877,9.87,1.58,0.36,-0.08,0.03,-0.01
1969891,9.85,1.6,0.3,-0.08,0.03,-0.01
1969905,9.87,1.6,0.28,-0.09,0.03,-0.02
1969918,9.9,1.58,0.3,-0.1,0.02,-0.02
1969932,9.93,1.59,0.27,-0.11,0.01,-0.02
1969946,9.93,1.62,0.26,-0.11,0.0,-0.02
1969959,9.91,1.67,0.33,-0.1,0.0,-0.01
1969973,9.88,1.65,0.3,-0.08,0.01,-0.01
1969987,9.86,1.63,0.32,-0.07,0.01,-0.01
1970000,9.86,1.59,0.33,-0.08,0.0,-0.02
1970014,9.83,1.56,0.35,-0.1,-0.0,-0.02
1970028,9.86,1.56,0.35,-0.11,-0.01,-0.02
1970041,9.86,1.57,0.36,-0.1,-0.0,-0.02
1970055,9.86,1.61,0.4,-0.09,0.0,-0.01
1970069,9.88,1.59,0.41,-0.08,0.01,-0.01
1970082,9.87,1.59,0.41,-0.07,0.01,-0.0
1970096,9.86,1.57,0.39,-0.07,0.02,-0.01
1970110,9.88,1.57,0.37,-0.09,0.02,-0.01
1970123,9.91,1.58,0.34,-0.1,0.02,-0.01
1970137,9.92,1.6,0.33,-0.11,0.02,-0.02
1970151,9.92,1.6,0.34,-0.1,0.02,-0.02
1970164,9.92,1.61,0.34,-0.09,0.02,-0.01
1970178,9.89,1.57,0.35,-0.08,0.01,-0.01
1970192,9.87,1.55,0.36,-0.08,0.01,-0.01
1970205,9.91,1.56,0.32,-0.09,0.01,-0.0
1970219,9.92,1.59,0.33,-0.1,0.01,-0.01
1970233,9.9,1.68,0.35,-0.1,0.01,-0.01
1970246,9.89,1.71,0.37,-0.09,0.0,-0.01
1970260,9.9,1.69,0.37,-0.07,0.0,-0.02
1970274,9.86,1.62,0.4,-0.05,0.01,-0.02
1970287,9.83,1.59,0.37,-0.06,0.01,-0.02
1970301,9.83,1.56,0.33,-0.07,0.02,-0.02
1970315,9.88,1.56,0.36,-0.08,0.02,-0.02
1970328,9.94,1.56,0.38,-0.09,0.01,-0.02
1970342,9.94,1.57,0.38,-0.08,0.01,-0.02
1970356,9.93,1.57,0.38,-0.07,0.01,-0.01
1970369,9.9,1.55,0.33,-0.06,0.01,-0.0
1970383,9.87,1.53,0.31,-0.05,0.02,-0.0
1970397,9.86,1.49,0.31,-0.06,0.02,-0.01
1970410,9.86,1.49,0.34,-0.08,0.02,-0.01
1970424,9.9,1.53,0.38,-0.09,0.01,-0.01
1970438,9.88,1.57,0.33,-0.1,0.0,-0.0
1970451,9.89,1.61,0.38,-0.1,0.0,-0.0
1970465,9.88,1.63,0.36,-0.09,0.01,0.0
1970479,9.89,1.64,0.36,-0.08,0.01,0.0
1970492,9.88,1.65,0.37,-0.07,0.02,-0.0
1970506,9.88,1.63,0.34,-0.07,0.03,-0.01
1970520,9.88,1.61,0.34,-0.07,0.03,-0.01
1970533,9.9,1.56,0.33,-0.08,0.02,-0.02
1970547,9.86,1.54,0.34,-0.1,0.0,-0.02
1970561,9.86,1.51,0.37,-0.11,-0.01,-0.02
1970575,9.83,1.54,0.39,-0.11,-0.01,-0.02
1970588,9.81,1.58,0.42,-0.09,-0.0,-0.01
1970602,9.81,1.55,0.39,-0.06,0.01,-0.01
1970616,9.83,1.49,0.42,-0.04,0.02,0.0
1970629,9.87,1.45,0.4,-0.06,0.03,0.0
1970643,9.89,1.45,0.4,-0.09,0.02,0.0
1970657,9.9,1.53,0.41,-0.13,0.01,0.0
1970670,9.89,1.63,0.43,-0.13,-0.0,-0.0
1970684,9.87,1.67,0.44,-0.11,0.0,-0.01
1970698,9.88,1.67,0.44,-0.08,0.01,-0.01
1970711,9.88,1.61,0.39,-0.06,0.03,-0.02
1970725,9.92,1.55,0.38,-0.07,0.04,-0.02
1970739,9.93,1.52,0.32,-0.09,0.04,-0.02
1970752,9.94,1.53,0.32,-0.11,0.02,-0.02
1970766,9.92,1.56,0.32,-0.12,0.01,-0.02
1970780,9.93,1.61,0.34,-0.12,-0.0,-0.02
1970793,9.89,1.6,0.36,-0.1,-0.01,-0.02
1970807,9.88,1.54,0.35,-0.09,0.0,-0.02
1970821,9.9,1.5,0.35,-0.1,0.01,-0.02
1970834,9.91,1.46,0.36,-0.11,0.01,-0.02
1970848,9.92,1.48,0.43,-0.13,0.0,-0.02
1970862,9.91,1.49,0.43,-0.14,-0.01,-0.02
1970875,9.86,1.52,0.44,-0.13,-0.01,-0.01
1970889,9.81,1.53,0.39,-0.11,-0.0,-0.01
1970903,9.85,1.48,0.42,-0.1,0.01,-0.01
1970916,9.95,1.46,0.49,-0.1,0.01,-0.01
1970930,9.97,1.47,0.49,-0.11,0.01,-0.01
1970944,9.94,1.47,0.41,-0.12,0.02,-0.01
1970957,9.88,1.5,0.39,-0.13,0.02,-0.01
1970971,9.84,1.5,0.4,-0.12,0.03,-0.01
1970985,9.82,1.51,0.36,-0.11,0.03,-0.01
1970998,9.83,1.53,0.35,-0.1,0.02,-0.01
1971012,9.87,1.55,0.34,-0.1,0.01,-0.01
1971026,9.88,1.56,0.32,-0.1,0.0,-0.01
1971040,9.87,1.6,0.39,-0.11,-0.01,-0.01
1971054,9.89,1.61,0.41,-0.12,-0.02,-0.02
1971067,9.88,1.62,0.41,-0.12,-0.02,-0.03
1971081,9.88,1.62,0.44,-0.12,-0.01,-0.04
1971095,9.85,1.6,0.45,-0.11,0.0,-0.04
1971108,9.86,1.56,0.41,-0.11,0.01,-0.04
1971122,9.89,1.49,0.4,-0.11,0.01,-0.04
1971136,9.91,1.46,0.4,-0.12,0.01,-0.04
1971149,9.93,1.43,0.37,-0.14,0.0,-0.03
1971163,9.91,1.47,0.4,-0.16,-0.0,-0.03
1971177,9.93,1.54,0.39,-0.17,-0.01,-0.02
1971190,9.94,1.6,0.36,-0.16,-0.01,-0.03
1971204,9.95,1.63,0.36,-0.13,0.0,-0.03
1971218,9.93,1.64,0.34,-0.11,0.01,-0.03
1971231,9.91,1.61,0.32,-0.1,0.01,-0.03
1971245,9.9,1.57,0.32,-0.1,0.01,-0.03
1971259,9.9,1.55,0.32,-0.12,0.0,-0.03
1971272,9.88,1.57,0.33,-0.14,-0.01,-0.03
1971286,9.86,1.61,0.38,-0.14,-0.02,-0.02
1971300,9.86,1.65,0.4,-0.12,-0.02,-0.02
1971313,9.85,1.65,0.41,-0.1,-0.02,-0.01
1971327,9.82,1.6,0.44,-0.09,-0.0,-0.01
1971341,9.85,1.58,0.44,-0.09,0.01,-0.01
1971354,9.87,1.56,0.43,-0.1,0.02,-0.02
1971368,9.88,1.53,0.4,-0.11,0.02,-0.02
1971382,9.89,1.58,0.43,-0.12,0.01,-0.02
1971395,9.89,1.61,0.39,-0.11,0.01,-0.02
1971409,9.9,1.6,0.35,-0.1,0.01,-0.02
1971423,9.88,1.58,0.34,-0.08,0.01,-0.02
1971436,9.89,1.54,0.36,-0.08,0.01,-0.03
1971450,9.88,1.49,0.32,-0.1,0.01,-0.02
1971464,9.88,1.49,0.33,-0.12,0.0,-0.02
1971477,9.88,1.54,0.38,-0.13,-0.01,-0.02
1971491,9.92,1.57,0.43,-0.12,-0.02,-0.02
1971505,9.92,1.58,0.44,-0.11,-0.02,-0.02
1971518,9.86,1.6,0.45,-0.09,-0.01,-0.01
1971532,9.86,1.59,0.43,-0.09,0.01,-0.01
1971546,9.86,1.58,0.41,-0.09,0.02,-0.01
1971559,9.87,1.56,0.38,-0.09,0.03,-0.01
1971573,9.87,1.55,0.37,-0.11,0.03,-0.02
1971587,9.87,1.61,0.35,-0.12,0.01,-0.02
1971600,9.9,1.65,0.32,-0.13,0.0,-0.02
1971614,9.9,1.7,0.31,-0.12,0.0,-0.02
1971628,9.91,1.68,0.33,-0.09,0.0,-0.02
1971641,9.91,1.65,0.33,-0.08,0.0,-0.03
1971655,9.91,1.61,0.31,-0.09,0.0,-0.03
1971669,9.92,1.58,0.36,-0.1,-0.0,-0.03
1971682,9.91,1.57,0.39,-0.12,-0.01,-0.03
1971696,9.88,1.54,0.38,-0.12,-0.01,-0.04
1971710,9.9,1.55,0.36,-0.12,-0.01,-0.04
1971723,9.89,1.55,0.38,-0.11,-0.01,-0.03
1971737,9.92,1.52,0.41,-0.11,-0.0,-0.03
1971751,9.91,1.51,0.4,-0.11,0.0,-0.03
1971765,9.88,1.5,0.4,-0.11,0.01,-0.03
1971779,9.89,1.5,0.38,-0.11,0.01,-0.03
1971792,9.9,1.52,0.38,-0.12,0.01,-0.02
1971806,9.87,1.53,0.34,-0.12,0.0,-0.02
1971820,9.83,1.57,0.37,-0.13,-0.01,-0.02
1971833,9.8,1.6,0.4,-0.12,-0.01,-0.02
1971847,9.81,1.6,0.38,-0.12,-0.01,-0.02
1971861,9.85,1.62,0.4,-0.12,-0.01,-0.02
1971874,9.87,1.63,0.42,-0.12,-0.0,-0.02
1971888,9.88,1.63,0.41,-0.13,0.0,-0.02
1971902,9.88,1.66,0.42,-0.14,0.01,-0.02
1971915,9.88,1.7,0.42,-0.13,0.01,-0.02
1971929,9.87,1.72,0.36,-0.12,0.02,-0.02
1971943,9.89,1.7,0.33,-0.1,0.02,-0.03
1971956,9.89,1.66,0.33,-0.09,0.03,-0.03
1971970,9.88,1.6,0.31,-0.09,0.02,-0.03
1971984,9.9,1.58,0.29,-0.1,0.02,-0.03
1971997,9.92,1.58,0.29,-0.11,0.0,-0.03
1972011,9.93,1.61,0.32,-0.11,-0.01,-0.03
1972025,9.89,1.61,0.34,-0.1,-0.02,-0.02
1972038,9.81,1.59,0.35,-0.1,-0.01,-0.02
1972052,9.83,1.61,0.35,-0.1,-0.01,-0.02
1972066,9.89,1.59,0.44,-0.1,-0.0,-0.02
1972079,9.94,1.57,0.45,-0.1,-0.0,-0.02
1972093,9.91,1.58,0.45,-0.1,0.0,-0.01
1972107,9.84,1.59,0.41,-0.1,0.01,-0.01
1972120,9.82,1.62,0.39,-0.09,0.02,0.0
1972134,9.83,1.62,0.37,-0.07,0.03,-0.0
1972148,9.85,1.6,0.35,-0.07,0.03,-0.0
1972161,9.88,1.6,0.33,-0.08,0.03,-0.01
1972175,9.91,1.61,0.3,-0.1,0.02,-0.01
1972189,9.93,1.66,0.34,-0.12,0.01,-0.01
1972202,9.91,1.67,0.34,-0.12,-0.0,-0.02
1972216,9.9,1.69,0.34,-0.11,-0.01,-0.02
1972230,9.87,1.68,0.34,-0.1,-0.01,-0.03
1972243,9.89,1.65,0.36,-0.09,-0.0,-0.03
1972257,9.9,1.6,0.35,-0.09,0.0,-0.03
1972271,9.88,1.55,0.36,-0.1,-0.0,-0.03
1972284,9.86,1.54,0.37,-0.12,-0.01,-0.03
1972298,9.86,1.55,0.41,-0.13,-0.01,-0.03
1972312,9.85,1.57,0.41,-0.12,-0.01,-0.02
1972326,9.85,1.59,0.41,-0.1,-0.01,-0.02
1972339,9.83,1.6,0.42,-0.08,0.0,-0.01
1972353,9.82,1.55,0.46,-0.08,0.01,-0.01
1972367,9.83,1.54,0.42,-0.09,0.02,-0.01
1972380,9.9,1.55,0.39,-0.1,0.02,-0.02
1972394,9.9,1.61,0.36,-0.12,0.02,-0.02
1972408,9.91,1.65,0.33,-0.12,0.01,-0.02
1972421,9.91,1.69,0.34,-0.11,0.01,-0.02
1972435,9.88,1.67,0.34,-0.09,0.01,-0.02
1972449,9.89,1.66,0.33,-0.09,0.01,-0.02
1972462,9.88,1.63,0.28,-0.1,0.0,-0.02
1972476,9.9,1.64,0.32,-0.11,0.0,-0.02
1972490,9.9,1.66,0.32,-0.12,-0.0,-0.02
1972503,9.88,1.67,0.36,-0.11,-0.01,-0.02
1972517,9.87,1.66,0.37,-0.1,-0.0,-0.02
1972531,9.86,1.65,0.37,-0.09,-0.0,-0.02
1972544,9.86,1.58,0.37,-0.09,0.0,-0.02
1972558,9.84,1.57,0.38,-0.11,0.0,-0.02
1972572,9.85,1.56,0.39,-0.11,0.0,-0.02
1972585,9.87,1.59,0.41,-0.1,0.0,-0.02
1972599,9.86,1.59,0.38,-0.09,0.0,-0.01
1972613,9.84,1.58,0.37,-0.08,0.01,-0.01
1972626,9.82,1.59,0.37,-0.08,0.02,-0.01
1972640,9.86,1.58,0.38,-0.09,0.02,-0.01
1972654,9.93,1.58,0.42,-0.1,0.01,-0.01
1972667,9.95,1.59,0.42,-0.11,0.0,-0.02
1972681,9.89,1.64,0.38,-0.11,0.01,-0.01
1972695,9.86,1.67,0.37,-0.1,0.02,-0.01
1972708,9.83,1.63,0.35,-0.08,0.03,-0.01
1972722,9.86,1.62,0.32,-0.07,0.03,-0.01
1972736,9.9,1.6,0.32,-0.08,0.02,-0.01
1972749,9.89,1.61,0.3,-0.1,0.01,-0.02
1972763,9.92,1.65,0.3,-0.12,-0.01,-0.02
1972777,9.91,1.66,0.35,-0.12,-0.01,-0.02
1972790,9.88,1.68,0.38,-0.11,-0.01,-0.03
1972804,9.86,1.66,0.38,-0.09,-0.0,-0.03
1972818,9.89,1.63,0.37,-0.08,0.0,-0.02
1972831,9.87,1.59,0.39,-0.08,0.01,-0.02
1972845,9.85,1.57,0.38,-0.08,0.01,-0.01
1972859,9.86,1.56,0.37,-0.09,0.01,-0.01
1972872,9.89,1.54,0.38,-0.1,0.01,-0.02
1972886,9.9,1.56,0.37,-0.11,0.0,-0.02
1972900,9.89,1.56,0.39,-0.12,0.0,-0.02
1972913,9.88,1.62,0.38,-0.11,0.01,-0.02
1972927,9.88,1.61,0.36,-0.1,0.01,-0.02
1972941,9.88,1.58,0.37,-0.09,0.01,-0.02
1972954,9.9,1.57,0.36,-0.09,0.01,-0.02
1972968,9.88,1.57,0.33,-0.1,0.01,-0.02
1972982,9.89,1.59,0.33,-0.12,0.01,-0.02
1972995,9.89,1.63,0.36,-0.12,0.0,-0.02
1973009,9.87,1.66,0.33,-0.12,-0.0,-0.02
1973023,9.87,1.67,0.36,-0.1,0.0,-0.02
1973036,9.86,1.69,0.36,-0.09,0.0,-0.01
1973050,9.87,1.66,0.34,-0.08,0.01,-0.01
1973064,9.88,1.66,0.33,-0.08,0.01,-0.01
1973077,9.87,1.64,0.35,-0.09,0.01,-0.02
1973091,9.89,1.61,0.37,-0.11,0.01,-0.02
1973105,9.89,1.63,0.37,-0.12,0.0,-0.02
1973118,9.89,1.62,0.35,-0.12,-0.0,-0.02
1973132,9.87,1.63,0.34,-0.1,0.0,-0.02
1973146,9.87,1.6,0.36,-0.08,0.01,-0.02
1973160,9.88,1.56,0.34,-0.08,0.01,-0.02
1973173,9.87,1.54,0.34,-0.09,0.01,-0.02
1973187,9.92,1.56,0.38,-0.1,0.01,-0.01
1973201,9.9,1.58,0.38,-0.12,-0.0,-0.02
1973215,9.85,1.58,0.4,-0.12,-0.01,-0.02
1973228,9.8,1.62,0.38,-0.12,-0.0,-0.02
1973242,9.82,1.62,0.42,-0.1,0.01,-0.02
1973256,9.92,1.58,0.43,-0.09,0.01,-0.02
1973269,9.93,1.55,0.42,-0.09,0.01,-0.02
1973283,9.88,1.57,0.4,-0.1,0.02,-0.01
1973297,9.84,1.62,0.36,-0.1,0.03,0.0
1973310,9.82,1.64,0.3,-0.09,0.03,0.0
1973324,9.86,1.66,0.28,-0.08,0.03,-0.0
1973338,9.91,1.61,0.27,-0.08,0.02,-0.01
1973351,9.9,1.63,0.32,-0.1,0.0,-0.01
1973365,9.92,1.67,0.32,-0.12,-0.01,-0.02
1973379,9.9,1.71,0.33,-0.11,-0.01,-0.02
1973392,9.87,1.69,0.36,-0.1,-0.01,-0.02
1973406,9.86,1.65,0.33,-0.09,-0.0,-0.03
1973420,9.87,1.64,0.35,-0.08,0.0,-0.03
1973433,9.85,1.58,0.39,-0.09,0.0,-0.03
1973447,9.85,1.57,0.42,-0.09,0.0,-0.03
1973461,9.85,1.53,0.4,-0.1,0.0,-0.02
1973474,9.87,1.52,0.43,-0.1,-0.0,-0.02
1973488,9.88,1.51,0.42,-0.1,0.0,-0.02
1973502,9.88,1.53,0.41,-0.09,0.01,-0.01
1973515,9.87,1.55,0.38,-0.09,0.02,-0.01
1973529,9.87,1.57,0.39,-0.08,0.02,-0.01
1973543,9.9,1.59,0.35,-0.09,0.02,-0.01
1973556,9.9,1.59,0.35,-0.1,0.01,-0.02
1973570,9.9,1.62,0.35,-0.12,0.01,-0.02
1973584,9.9,1.66,0.36,-0.12,0.0,-0.02
1973597,9.89,1.69,0.32,-0.11,0.0,-0.03
1973611,9.87,1.68,0.33,-0.1,0.0,-0.03
1973624,9.88,1.67,0.31,-0.1,0.0,-0.02
1973637,9.87,1.66,0.3,-0.1,0.0,-0.02
1973651,9.84,1.65,0.33,-0.11,0.0,-0.02
1973665,9.86,1.63,0.35,-0.11,0.0,-0.02
1973679,9.85,1.62,0.36,-0.1,-0.0,-0.03
1973692,9.85,1.61,0.36,-0.1,-0.0,-0.03
1973706,9.86,1.59,0.38,-0.09,0.0,-0.02
1973720,9.87,1.58,0.41,-0.09,0.0,-0.02
1973733,9.87,1.56,0.4,-0.09,0.0,-0.02
1973747,9.88,1.54,0.38,-0.1,0.01,-0.02
1973761,9.89,1.55,0.37,-0.11,0.01,-0.02
1973774,9.89,1.57,0.42,-0.11,0.0,-0.02
1973788,9.88,1.6,0.4,-0.11,0.01,-0.02
1973802,9.85,1.61,0.36,-0.11,0.01,-0.02
1973815,9.88,1.61,0.39,-0.1,0.01,-0.01
1973829,9.89,1.62,0.37,-0.09,0.01,-0.01
1973843,9.84,1.61,0.35,-0.1,0.01,-0.01
1973856,9.81,1.64,0.32,-0.11,0.01,-0.01
1973870,9.84,1.66,0.38,-0.12,0.01,-0.01
1973884,9.94,1.66,0.39,-0.12,-0.0,-0.02
1973897,9.92,1.65,0.39,-0.11,-0.01,-0.02
1973911,9.9,1.67,0.38,-0.1,0.01,-0.02
1973925,9.86,1.69,0.34,-0.09,0.02,-0.01
1973938,9.84,1.67,0.32,-0.08,0.03,-0.01
1973952,9.89,1.64,0.3,-0.07,0.03,-0.01
1973966,9.87,1.61,0.33,-0.08,0.02,-0.01
1973979,9.88,1.61,0.3,-0.1,0.0,-0.02
1973993,9.9,1.62,0.33,-0.12,-0.01,-0.02
1974007,9.91,1.63,0.35,-0.12,-0.01,-0.03
1974020,9.9,1.63,0.38,-0.11,-0.01,-0.03
1974034,9.91,1.63,0.38,-0.09,-0.0,-0.03
1974048,9.9,1.59,0.44,-0.08,0.01,-0.02
1974061,9.9,1.56,0.39,-0.08,0.01,-0.02
1974075,9.86,1.52,0.38,-0.09,0.01,-0.02
1974089,9.89,1.51,0.38,-0.11,-0.0,-0.02
1974102,9.92,1.5,0.4,-0.12,-0.01,-0.02
1974116,9.91,1.52,0.42,-0.13,-0.01,-0.02
1974130,9.87,1.57,0.42,-0.12,0.0,-0.02
1974143,9.83,1.61,0.41,-0.1,0.01,-0.01
1974157,9.82,1.62,0.37,-0.08,0.02,-0.01
1974171,9.83,1.59,0.35,-0.08,0.02,-0.01
1974184,9.88,1.61,0.34,-0.1,0.02,-0.01
1974198,9.87,1.64,0.34,-0.12,0.01,-0.01
1974212,9.88,1.67,0.32,-0.12,-0.0,-0.02
1974225,9.88,1.7,0.35,-0.12,-0.0,-0.02
1974239,9.88,1.7,0.35,-0.1,-0.0,-0.02
1974253,9.87,1.68,0.36,-0.09,0.0,-0.02
1974266,9.87,1.67,0.33,-0.09,0.01,-0.02
1974280,9.88,1.61,0.34,-0.09,0.01,-0.02
1974294,9.88,1.61,0.34,-0.1,0.01,-0.02
1974307,9.89,1.62,0.35,-0.1,0.0,-0.02
1974321,9.89,1.62,0.36,-0.1,-0.0,-0.02
1974335,9.88,1.61,0.35,-0.1,-0.0,-0.02
1974348,9.86,1.6,0.36,-0.09,-0.0,-0.02
1974362,9.86,1.59,0.37,-0.09,0.0,-0.02
1974376,9.88,1.59,0.37,-0.1,0.0,-0.02
1974389,9.87,1.58,0.39,-0.1,0.01,-0.02
1974403,9.85,1.59,0.38,-0.1,0.01,-0.02
1974417,9.87,1.6,0.36,-0.1,0.01,-0.01
1974430,9.85,1.61,0.35,-0.09,0.01,-0.01
1974444,9.86,1.6,0.36,-0.09,0.01,-0.01
1974458,9.89,1.62,0.42,-0.09,0.01,-0.01
1974471,9.86,1.62,0.35,-0.09,0.01,-0.01
1974485,9.81,1.61,0.35,-0.1,0.01,-0.02
1974499,9.8,1.61,0.34,-0.09,0.01,-0.02
1974512,9.9,1.59,0.38,-0.1,0.01,-0.02
1974526,9.96,1.54,0.41,-0.1,-0.0,-0.02
1974540,9.93,1.56,0.38,-0.11,-0.0,-0.02
1974554,9.87,1.61,0.39,-0.11,0.01,-0.01
1974567,9.83,1.64,0.32,-0.1,0.02,0.0
1974581,9.85,1.64,0.31,-0.07,0.03,-0.0
1974595,9.89,1.61,0.31,-0.07,0.02,-0.01
1974608,9.88,1.61,0.3,-0.09,0.01,-0.01
1974622,9.89,1.64,0.3,-0.12,-0.01,-0.01
1974636,9.9,1.67,0.33,-0.12,-0.01,-0.02
1974649,9.9,1.7,0.37,-0.11,-0.01,-0.02
1974663,9.88,1.68,0.38,-0.09,-0.0,-0.02
1974677,9.87,1.65,0.39,-0.08,0.01,-0.02
1974690,9.87,1.6,0.38,-0.08,0.01,-0.02
1974704,9.86,1.56,0.4,-0.09,0.01,-0.02
1974718,9.86,1.54,0.36,-0.1,0.0,-0.02
1974731,9.89,1.54,0.38,-0.11,-0.0,-0.02
1974745,9.9,1.52,0.36,-0.11,-0.0,-0.03
1974759,9.87,1.56,0.39,-0.11,0.0,-0.02
1974772,9.86,1.58,0.41,-0.1,0.01,-0.02
1974786,9.84,1.55,0.39,-0.09,0.02,-0.01
1974800,9.86,1.55,0.37,-0.09,0.02,-0.01
1974813,9.87,1.54,0.36,-0.09,0.01,-0.01
1974827,9.88,1.59,0.35,-0.1,0.01,-0.01
1974841,9.88,1.62,0.31,-0.11,0.0,-0.01
1974854,9.89,1.69,0.35,-0.11,0.0,-0.01
1974868,9.91,1.69,0.35,-0.11,0.0,-0.02
1974882,9.89,1.7,0.36,-0.1,0.01,-0.02
1974895,9.87,1.69,0.35,-0.1,0.01,-0.02
1974909,9.85,1.68,0.34,-0.09,0.01,-0.02
1974923,9.86,1.65,0.33,-0.09,0.01,-0.02
1974936,9.86,1.64,0.33,-0.09,0.01,-0.02
1974950,9.87,1.61,0.35,-0.09,0.0,-0.02
1974964,9.87,1.6,0.36,-0.09,0.0,-0.02
1974977,9.88,1.59,0.35,-0.1,0.0,-0.02
1974991,9.89,1.59,0.35,-0.1,-0.0,-0.02
1975005,9.89,1.57,0.38,-0.1,0.0,-0.02
1975018,9.89,1.57,0.35,-0.1,0.0,-0.02
1975032,9.86,1.56,0.35,-0.1,0.0,-0.02
1975046,9.88,1.55,0.33,-0.1,0.0,-0.02
1975059,9.87,1.56,0.34,-0.1,0.01,-0.02
1975073,9.86,1.59,0.34,-0.1,0.01,-0.01
1975087,9.85,1.61,0.36,-0.1,0.01,-0.01
1975101,9.89,1.61,0.38,-0.1,0.01,-0.01
1975115,9.87,1.6,0.37,-0.1,0.01,-0.01
1975128,9.82,1.6,0.35,-0.1,0.01,-0.02
1975142,9.81,1.62,0.33,-0.11,0.01,-0.02
1975156,9.9,1.61,0.41,-0.11,0.01,-0.02
1975169,9.98,1.58,0.4,-0.11,-0.0,-0.03
1975183,9.92,1.6,0.37,-0.11,0.0,-0.02
1975197,9.84,1.61,0.32,-0.1,0.02,-0.01
1975210,9.82,1.64,0.34,-0.09,0.03,-0.0
1975224,9.85,1.63,0.31,-0.08,0.03,-0.0
1975238,9.9,1.62,0.32,-0.08,0.01,-0.01
1975251,9.92,1.62,0.31,-0.1,-0.0,-0.01
1975265,9.89,1.65,0.33,-0.12,-0.01,-0.01
1975279,9.88,1.68,0.34,-0.12,-0.01,-0.02
1975292,9.87,1.71,0.38,-0.11,-0.01,-0.03
1975306,9.88,1.68,0.38,-0.09,0.0,-0.03
1975320,9.87,1.63,0.39,-0.08,0.01,-0.03
1975333,9.86,1.57,0.38,-0.08,0.01,-0.03
1975347,9.84,1.54,0.4,-0.09,0.01,-0.02
1975361,9.88,1.52,0.4,-0.1,0.0,-0.02
1975374,9.89,1.53,0.41,-0.1,-0.0,-0.02
1975388,9.9,1.51,0.39,-0.1,0.0,-0.02
1975402,9.9,1.51,0.37,-0.1,0.01,-0.02
1975415,9.89,1.52,0.36,-0.1,0.02,-0.02
1975429,9.87,1.54,0.39,-0.1,0.02,-0.01
1975443,9.89,1.55,0.38,-0.1,0.02,-0.01
1975456,9.88,1.57,0.38,-0.1,0.01,-0.01
1975470,9.89,1.62,0.37,-0.1,0.01,-0.01
1975484,9.88,1.65,0.36,-0.11,0.01,-0.01
1975497,9.88,1.7,0.36,-0.11,0.01,-0.01
1975511,9.89,1.72,0.35,-0.11,0.01,-0.02
1975525,9.91,1.72,0.36,-0.1,0.01,-0.02
1975538,9.89,1.73,0.33,-0.1,0.01,-0.02
1975552,9.86,1.7,0.33,-0.1,0.01,-0.02
1975566,9.86,1.66,0.32,-0.09,0.01,-0.02
1975579,9.88,1.64,0.3,-0.09,0.01,-0.02
1975593,9.87,1.6,0.35,-0.1,0.0,-0.02
1975607,9.86,1.6,0.34,-0.11,-0.0,-0.02
1975620,9.88,1.6,0.33,-0.11,-0.0,-0.02
1975634,9.9,1.6,0.39,-0.1,-0.0,-0.02
1975648,9.89,1.57,0.36,-0.09,0.0,-0.02
1975661,9.89,1.52,0.37,-0.09,0.0,-0.02
1975675,9.88,1.51,0.39,-0.09,0.01,-0.02
1975689,9.88,1.53,0.35,-0.1,0.01,-0.01
1975702,9.88,1.55,0.37,-0.1,0.01,-0.01
1975716,9.86,1.58,0.36,-0.1,0.01,-0.01
1975730,9.86,1.59,0.37,-0.09,0.01,-0.01
1975743,9.88,1.59,0.38,-0.09,0.01,-0.01
1975757,9.88,1.6,0.34,-0.1,0.01,-0.01
1975771,9.83,1.63,0.32,-0.11,0.01,-0.01
1975784,9.83,1.68,0.34,-0.1,0.01,-0.02
1975798,9.92,1.65,0.41,-0.1,0.01,-0.02
1975812,9.98,1.63,0.39,-0.09,-0.0,-0.02
1975826,9.93,1.61,0.35,-0.09,0.01,-0.02
1975840,9.85,1.63,0.34,-0.1,0.02,-0.01
1975853,9.85,1.65,0.32,-0.1,0.02,-0.0
1975867,9.85,1.64,0.31,-0.08,0.02,-0.01
1975881,9.9,1.62,0.33,-0.08,0.01,-0.01
1975894,9.9,1.59,0.34,-0.1,-0.0,-0.02
1975908,9.89,1.63,0.33,-0.11,-0.01,-0.02
1975922,9.89,1.64,0.35,-0.11,-0.01,-0.02
1975935,9.89,1.63,0.37,-0.1,-0.01,-0.03
1975949,9.86,1.6,0.41,-0.09,0.0,-0.03
1975963,9.89,1.58,0.41,-0.09,0.0,-0.02
1975976,9.9,1.56,0.39,-0.09,0.01,-0.02
1975990,9.88,1.54,0.37,-0.1,0.0,-0.02
1976004,9.87,1.53,0.39,-0.1,0.0,-0.02
1976017,9.89,1.51,0.39,-0.11,0.0,-0.03
1976031,9.89,1.52,0.39,-0.12,0.0,-0.03
1976045,9.89,1.53,0.38,-0.12,0.01,-0.02
1976058,9.86,1.57,0.37,-0.12,0.01,-0.01
1976072,9.85,1.6,0.36,-0.1,0.02,-0.01
1976086,9.89,1.63,0.34,-0.09,0.02,-0.01
1976099,9.88,1.62,0.34,-0.1,0.01,-0.01
1976113,9.89,1.62,0.33,-0.12,0.01,-0.01
1976127,9.89,1.67,0.33,-0.13,-0.0,-0.02
1976140,9.89,1.69,0.32,-0.13,-0.01,-0.02
1976154,9.87,1.7,0.34,-0.11,-0.01,-0.03
1976168,9.86,1.68,0.36,-0.1,-0.0,-0.03
1976181,9.85,1.65,0.37,-0.09,-0.0,-0.02
1976195,9.84,1.63,0.38,-0.1,0.0,-0.02
1976209,9.87,1.63,0.37,-0.1,0.0,-0.02
1976222,9.87,1.6,0.41,-0.11,0.0,-0.02
1976236,9.86,1.61,0.39,-0.11,0.0,-0.02
1976250,9.86,1.6,0.38,-0.11,0.01,-0.03
1976263,9.85,1.58,0.38,-0.1,0.01,-0.03
1976277,9.87,1.55,0.35,-0.09,0.02,-0.03
1976291,9.87,1.52,0.35,-0.09,0.02,-0.02
1976304,9.9,1.53,0.35,-0.1,0.02,-0.02
1976318,9.9,1.54,0.38,-0.1,0.01,-0.01
1976332,9.89,1.56,0.36,-0.1,0.01,-0.0
1976345,9.88,1.61,0.33,-0.1,0.01,-0.0
1976359,9.88,1.64,0.34,-0.1,0.01,-0.0
1976373,9.91,1.65,0.34,-0.1,0.01,-0.01
1976386,9.89,1.66,0.34,-0.1,0.01,-0.01
1976400,9.85,1.66,0.35,-0.1,0.01,-0.02
1976414,9.81,1.68,0.31,-0.09,0.01,-0.02
1976427,9.88,1.67,0.36,-0.09,0.01,-0.02
1976441,9.96,1.62,0.4,-0.09,-0.0,-0.02
1976455,9.91,1.6,0.38,-0.09,-0.0,-0.02
1976469,9.87,1.62,0.38,-0.1,0.01,-0.01
1976482,9.83,1.62,0.39,-0.1,0.02,-0.0
1976496,9.83,1.61,0.35,-0.08,0.02,-0.0
1976510,9.9,1.6,0.34,-0.07,0.02,-0.01
1976523,9.88,1.59,0.34,-0.08,0.01,-0.01
1976537,9.9,1.6,0.31,-0.09,-0.0,-0.01
1976551,9.9,1.62,0.33,-0.1,-0.0,-0.01
1976565,9.9,1.61,0.35,-0.1,-0.0,-0.02
1976578,9.89,1.62,0.39,-0.09,-0.0,-0.02
1976592,9.91,1.6,0.41,-0.09,0.0,-0.02
1976606,9.9,1.57,0.34,-0.09,0.01,-0.02
1976619,9.91,1.55,0.36,-0.09,0.01,-0.02
1976633,9.9,1.53,0.37,-0.1,0.01,-0.02
1976647,9.89,1.5,0.37,-0.1,0.0,-0.02
1976660,9.92,1.5,0.4,-0.1,-0.0,-0.02
1976674,9.89,1.51,0.37,-0.11,0.0,-0.02
1976688,9.87,1.56,0.33,-0.11,0.0,-0.01
1976701,9.85,1.58,0.32,-0.11,0.01,-0.01
1976715,9.84,1.59,0.34,-0.1,0.01,-0.01
1976729,9.87,1.62,0.35,-0.09,0.0,-0.01
1976742,9.86,1.61,0.33,-0.1,0.0,-0.01
1976756,9.88,1.64,0.35,-0.11,-0.0,-0.02
1976770,9.87,1.65,0.37,-0.12,-0.0,-0.02
1976783,9.87,1.68,0.36,-0.12,-0.0,-0.02
1976797,9.85,1.66,0.34,-0.12,-0.0,-0.02
1976811,9.87,1.67,0.33,-0.11,0.0,-0.02
1976824,9.87,1.68,0.36,-0.11,0.0,-0.02
1976838,9.86,1.63,0.32,-0.1,0.0,-0.02
1976852,9.87,1.62,0.35,-0.1,0.0,-0.03
1976865,9.87,1.58,0.35,-0.1,0.0,-0.03
1976879,9.85,1.55,0.35,-0.1,0.01,-0.03
1976893,9.88,1.53,0.35,-0.11,0.0,-0.03
1976906,9.89,1.51,0.37,-0.13,0.0,-0.03
1976920,9.86,1.53,0.35,-0.13,-0.0,-0.03
1976934,9.88,1.55,0.37,-0.13,-0.0,-0.03
1976948,9.89,1.56,0.39,-0.12,-0.0,-0.03
1976961,9.89,1.56,0.37,-0.11,0.01,-0.03
1976975,9.87,1.54,0.36,-0.11,0.01,-0.03
1976989,9.86,1.58,0.36,-0.11,0.01,-0.02
1977002,9.87,1.58,0.37,-0.11,0.01,-0.02
1977016,9.82,1.58,0.35,-0.11,0.01,-0.02
1977030,9.8,1.6,0.32,-0.11,0.01,-0.01
1977043,9.87,1.63,0.36,-0.11,0.01,-0.01
1977057,9.95,1.64,0.42,-0.1,0.01,-0.0
1977071,9.96,1.65,0.41,-0.09,0.01,-0.0
1977084,9.94,1.68,0.38,-0.1,0.01,-0.0
1977098,9.89,1.69,0.37,-0.1,0.02,-0.0
1977112,9.87,1.7,0.34,-0.1,0.03,-0.01
1977126,9.88,1.69,0.34,-0.09,0.03,-0.02
1977139,9.87,1.66,0.33,-0.1,0.02,-0.03
1977153,9.88,1.64,0.27,-0.11,0.01,-0.03
1977167,9.89,1.64,0.29,-0.13,0.0,-0.03
1977180,9.87,1.69,0.3,-0.13,-0.01,-0.03
1977194,9.9,1.7,0.35,-0.13,-0.01,-0.03
1977208,9.9,1.7,0.38,-0.12,-0.01,-0.03
1977221,9.92,1.68,0.39,-0.11,-0.0,-0.03
1977235,9.92,1.65,0.38,-0.1,0.01,-0.03
1977249,9.9,1.62,0.38,-0.1,0.01,-0.02
1977262,9.89,1.61,0.37,-0.1,0.01,-0.02
1977276,9.87,1.6,0.37,-0.1,0.01,-0.02
1977290,9.85,1.59,0.35,-0.1,0.0,-0.02
1977303,9.85,1.6,0.37,-0.1,0.0,-0.02
1977317,9.84,1.59,0.34,-0.09,0.0,-0.01
1977331,9.86,1.58,0.38,-0.08,0.0,-0.01
1977344,9.85,1.57,0.36,-0.09,0.0,-0.01
1977358,9.84,1.55,0.37,-0.1,-0.0,-0.02
1977372,9.84,1.56,0.38,-0.1,-0.0,-0.02
1977385,9.83,1.6,0.39,-0.1,0.0,-0.02
1977399,9.84,1.61,0.4,-0.1,0.0,-0.01
1977413,9.86,1.62,0.4,-0.09,0.01,-0.01
1977426,9.85,1.62,0.38,-0.09,0.01,-0.01
1977440,9.86,1.64,0.37,-0.09,0.02,-0.01
1977454,9.87,1.63,0.36,-0.09,0.02,-0.01
1977468,9.87,1.65,0.36,-0.09,0.02,-0.01
1977481,9.87,1.63,0.31,-0.09,0.02,-0.01
1977495,9.86,1.62,0.3,-0.09,0.01,-0.02
1977509,9.88,1.62,0.3,-0.1,0.01,-0.02
1977522,9.88,1.61,0.31,-0.11,0.0,-0.02
1977536,9.9,1.64,0.34,-0.11,0.0,-0.02
1977550,9.88,1.64,0.35,-0.1,-0.0,-0.01
1977563,9.89,1.65,0.35,-0.1,-0.0,-0.01
1977577,9.87,1.66,0.35,-0.09,-0.0,-0.01
1977591,9.86,1.64,0.36,-0.09,0.0,-0.01
1977604,9.87,1.65,0.39,-0.09,0.01,-0.01
1977618,9.88,1.63,0.41,-0.1,0.0,-0.01
1977632,9.83,1.61,0.38,-0.1,0.0,-0.02
1977645,9.81,1.63,0.37,-0.11,0.0,-0.02
1977659,9.86,1.61,0.39,-0.11,0.0,-0.03
1977673,9.94,1.55,0.42,-0.1,-0.0,-0.03
1977686,9.93,1.53,0.4,-0.1,-0.0,-0.03
1977700,9.89,1.54,0.37,-0.1,0.01,-0.02
1977714,9.86,1.56,0.33,-0.1,0.02,-0.01
1977727,9.85,1.56,0.32,-0.09,0.03,-0.0
1977741,9.88,1.57,0.32,-0.09,0.02,-0.01
1977755,9.87,1.56,0.32,-0.1,0.01,-0.01
1977768,9.86,1.6,0.32,-0.12,-0.0,-0.01
1977782,9.86,1.65,0.34,-0.12,-0.01,-0.02
1977796,9.88,1.68,0.37,-0.12,-0.01,-0.02
1977809,9.87,1.67,0.4,-0.11,-0.0,-0.03
1977823,9.87,1.65,0.37,-0.1,0.0,-0.03
1977837,9.87,1.66,0.37,-0.09,0.01,-0.03
1977851,9.86,1.66,0.34,-0.09,0.02,-0.02
1977864,9.86,1.59,0.33,-0.09,0.01,-0.02
1977878,9.89,1.57,0.36,-0.11,0.0,-0.02
1977892,9.88,1.54,0.33,-0.12,-0.01,-0.02
1977905,9.86,1.55,0.34,-0.12,-0.01,-0.02
1977919,9.84,1.59,0.34,-0.11,-0.0,-0.02
1977933,9.82,1.57,0.37,-0.09,0.0,-0.01
1977946,9.83,1.55,0.37,-0.08,0.01,-0.01
1977960,9.86,1.53,0.37,-0.08,0.01,-0.01
1977974,9.87,1.53,0.38,-0.09,0.01,-0.01
1977988,9.89,1.54,0.4,-0.1,0.01,-0.01
1978001,9.88,1.54,0.39,-0.1,0.01,-0.01
1978015,9.86,1.59,0.38,-0.1,0.01,-0.01
1978029,9.88,1.6,0.38,-0.1,0.02,-0.01
1978042,9.92,1.6,0.36,-0.1,0.02,-0.01
1978056,9.93,1.62,0.34,-0.11,0.02,-0.01
1978070,9.98,1.63,0.31,-0.11,0.02,-0.01
1978083,9.95,1.64,0.31,-0.12,0.01,-0.02
1978097,9.9,1.67,0.27,-0.12,0.01,-0.02
1978111,9.84,1.67,0.28,-0.13,0.0,-0.03
1978124,9.82,1.68,0.31,-0.13,-0.0,-0.03
1978138,9.8,1.66,0.3,-0.12,-0.0,-0.03
1978152,9.81,1.68,0.33,-0.11,-0.0,-0.02
1978165,9.86,1.67,0.37,-0.1,-0.0,-0.02
1978179,9.96,1.66,0.4,-0.09,-0.0,-0.01
1978193,10.0,1.65,0.38,-0.1,0.0,-0.01
1978206,10.0,1.67,0.39,-0.11,0.01,-0.0
1978220,9.92,1.72,0.39,-0.12,0.01,-0.01
1978234,9.83,1.7,0.31,-0.13,0.01,-0.02
1978247,9.76,1.67,0.31,-0.13,0.01,-0.04
1978261,9.8,1.63,0.36,-0.12,0.0,-0.05
1978275,9.86,1.57,0.38,-0.12,-0.01,-0.06
1978288,9.84,1.52,0.37,-0.12,-0.01,-0.05
1978302,9.84,1.56,0.37,-0.11,-0.0,-0.03
1978316,9.82,1.53,0.37,-0.1,0.0,-0.02
1978329,9.8,1.5,0.31,-0.09,0.01,-0.01
1978343,9.89,1.51,0.32,-0.1,0.02,0.0
1978357,9.94,1.54,0.36,-0.12,0.02,0.01
1978370,9.94,1.59,0.36,-0.12,0.02,0.02
