miliseg,AcX,AcY,AcZ,GyX,GyY,GyZ
2120478,9.87,1.62,-0.15,-0.12,0.0,-0.02
2120492,9.8,1.64,-0.17,-0.1,0.0,-0.02
2120506,9.78,1.61,-0.16,-0.08,0.01,-0.03
2120519,9.86,1.56,-0.13,-0.07,0.01,-0.03
2120533,9.9,1.5,-0.14,-0.08,0.01,-0.03
2120547,9.89,1.49,-0.16,-0.11,0.0,-0.02
2120560,9.87,1.5,-0.18,-0.12,0.0,-0.02
2120574,9.86,1.52,-0.19,-0.13,0.0,-0.02
2120588,9.83,1.55,-0.18,-0.12,0.0,-0.02
2120601,9.79,1.55,-0.12,-0.11,-0.0,-0.02
2120615,9.77,1.57,-0.14,-0.11,0.0,-0.01
2120629,9.81,1.57,-0.13,-0.1,0.01,-0.01
2120642,9.83,1.6,-0.17,-0.1,0.02,-0.01
2120656,9.86,1.63,-0.12,-0.1,0.02,-0.01
2120670,9.85,1.63,-0.14,-0.09,0.01,-0.01
2120684,9.86,1.63,-0.15,-0.09,0.01,-0.01
2120697,9.87,1.63,-0.14,-0.1,0.01,-0.01
2120711,9.88,1.64,-0.14,-0.1,0.01,-0.02
2120725,9.83,1.62,-0.18,-0.1,0.01,-0.02
2120738,9.81,1.62,-0.15,-0.1,0.01,-0.03
2120752,9.85,1.57,-0.15,-0.1,0.0,-0.03
2120766,9.86,1.54,-0.15,-0.1,0.0,-0.03
2120779,9.85,1.54,-0.13,-0.11,-0.0,-0.03
2120793,9.85,1.55,-0.15,-0.12,-0.0,-0.02
2120807,9.81,1.58,-0.14,-0.11,-0.0,-0.02
2120820,9.83,1.56,-0.1,-0.1,0.0,-0.02
2120834,9.83,1.56,-0.11,-0.1,0.0,-0.02
2120848,9.82,1.56,-0.14,-0.09,0.01,-0.02
2120861,9.85,1.55,-0.12,-0.1,0.01,-0.02
2120875,9.86,1.56,-0.11,-0.11,0.01,-0.02
2120889,9.87,1.6,-0.13,-0.11,0.01,-0.02
2120902,9.88,1.61,-0.13,-0.11,0.01,-0.02
2120916,9.86,1.6,-0.14,-0.11,0.01,-0.02
2120930,9.84,1.61,-0.16,-0.11,0.01,-0.02
2120943,9.85,1.61,-0.14,-0.1,0.01,-0.02
2120957,9.82,1.61,-0.17,-0.09,0.01,-0.02
2120971,9.83,1.61,-0.17,-0.08,0.02,-0.01
2120984,9.84,1.58,-0.16,-0.08,0.02,-0.01
2120998,9.85,1.57,-0.18,-0.09,0.01,-0.01
2121012,9.86,1.59,-0.16,-0.1,0.01,-0.01
2121025,9.87,1.61,-0.17,-0.1,0.0,-0.02
2121039,9.85,1.6,-0.16,-0.1,0.0,-0.02
2121053,9.84,1.62,-0.15,-0.1,0.0,-0.02
2121066,9.84,1.61,-0.14,-0.09,0.0,-0.01
2121080,9.83,1.6,-0.11,-0.09,0.01,-0.01
2121094,9.83,1.61,-0.13,-0.08,0.01,-0.01
2121107,9.84,1.58,-0.13,-0.08,0.01,-0.01
2121121,9.86,1.56,-0.12,-0.08,0.01,-0.01
2121135,9.86,1.58,-0.14,-0.09,0.01,-0.01
2121148,9.89,1.56,-0.16,-0.1,0.01,-0.02
2121162,9.87,1.54,-0.15,-0.11,0.0,-0.02
2121176,9.82,1.55,-0.14,-0.12,0.0,-0.02
2121189,9.8,1.56,-0.12,-0.12,0.0,-0.02
2121203,9.86,1.57,-0.12,-0.11,0.0,-0.02
2121217,9.89,1.57,-0.12,-0.1,0.0,-0.02
2121230,9.88,1.56,-0.12,-0.1,0.01,-0.01
2121244,9.86,1.56,-0.15,-0.1,0.01,-0.01
2121258,9.83,1.56,-0.12,-0.1,0.01,-0.01
2121271,9.82,1.58,-0.15,-0.11,0.01,-0.01
2121285,9.81,1.61,-0.11,-0.11,0.01,-0.01
2121299,9.79,1.65,-0.14,-0.1,0.01,-0.01
2121312,9.82,1.67,-0.15,-0.08,0.02,-0.01
2121326,9.87,1.65,-0.16,-0.06,0.03,-0.01
2121340,9.87,1.61,-0.15,-0.06,0.03,-0.01
2121353,9.86,1.57,-0.17,-0.08,0.02,-0.01
2121367,9.87,1.6,-0.18,-0.1,0.01,-0.02
2121381,9.87,1.61,-0.2,-0.12,0.0,-0.02
2121394,9.86,1.59,-0.19,-0.11,-0.0,-0.03
2121408,9.85,1.59,-0.16,-0.1,-0.0,-0.03
2121422,9.84,1.56,-0.14,-0.09,-0.0,-0.02
2121435,9.84,1.52,-0.15,-0.08,0.0,-0.02
2121449,9.86,1.5,-0.11,-0.09,0.0,-0.02
2121463,9.84,1.51,-0.12,-0.1,0.0,-0.01
2121477,9.86,1.53,-0.11,-0.12,0.0,-0.01
2121490,9.85,1.56,-0.09,-0.12,0.0,-0.01
2121504,9.84,1.58,-0.1,-0.11,0.0,-0.01
2121518,9.82,1.61,-0.1,-0.1,0.01,-0.01
2121531,9.83,1.62,-0.12,-0.1,0.01,-0.02
2121545,9.85,1.59,-0.12,-0.1,0.01,-0.02
2121559,9.85,1.58,-0.13,-0.1,0.01,-0.02
2121572,9.86,1.57,-0.11,-0.11,0.0,-0.03
2121586,9.84,1.57,-0.15,-0.12,-0.0,-0.03
2121600,9.84,1.57,-0.14,-0.12,-0.0,-0.03
2121613,9.82,1.59,-0.13,-0.11,0.0,-0.02
2121627,9.79,1.58,-0.11,-0.09,0.01,-0.02
2121641,9.82,1.58,-0.15,-0.08,0.01,-0.02
2121654,9.84,1.54,-0.16,-0.08,0.01,-0.01
2121668,9.85,1.53,-0.19,-0.09,0.01,-0.01
2121682,9.86,1.56,-0.15,-0.11,0.01,-0.01
2121695,9.86,1.59,-0.15,-0.12,0.01,-0.01
2121709,9.84,1.63,-0.14,-0.11,0.0,-0.01
2121723,9.83,1.62,-0.15,-0.1,0.01,-0.01
2121736,9.85,1.63,-0.13,-0.08,0.01,-0.01
2121750,9.85,1.6,-0.13,-0.08,0.02,-0.01
2121764,9.85,1.56,-0.17,-0.09,0.02,-0.01
2121777,9.84,1.6,-0.17,-0.1,0.01,-0.01
2121791,9.86,1.62,-0.16,-0.11,0.01,-0.01
2121805,9.87,1.65,-0.18,-0.1,0.0,-0.02
2121819,9.86,1.64,-0.17,-0.09,0.0,-0.02
2121832,9.87,1.57,-0.16,-0.08,0.01,-0.02
2121846,9.88,1.55,-0.13,-0.09,0.01,-0.02
2121860,9.85,1.53,-0.15,-0.1,0.0,-0.02
2121874,9.84,1.53,-0.12,-0.12,0.0,-0.02
2121887,9.79,1.57,-0.14,-0.12,-0.0,-0.02
2121901,9.84,1.59,-0.13,-0.11,-0.0,-0.02
2121915,9.89,1.59,-0.08,-0.09,-0.0,-0.02
2121928,9.84,1.57,-0.09,-0.09,0.0,-0.02
2121942,9.83,1.55,-0.1,-0.09,0.01,-0.01
2121956,9.83,1.51,-0.11,-0.09,0.02,-0.01
2121969,9.83,1.5,-0.11,-0.1,0.02,-0.01
2121983,9.85,1.51,-0.08,-0.12,0.01,-0.01
2121997,9.84,1.58,-0.13,-0.13,0.01,-0.01
2122010,9.82,1.63,-0.12,-0.12,0.01,-0.01
2122024,9.84,1.66,-0.11,-0.1,0.02,-0.01
2122038,9.86,1.62,-0.14,-0.07,0.03,-0.01
2122051,9.86,1.59,-0.18,-0.07,0.03,-0.01
2122065,9.87,1.57,-0.18,-0.07,0.02,-0.01
2122079,9.87,1.55,-0.19,-0.09,0.01,-0.01
2122092,9.88,1.56,-0.21,-0.1,0.01,-0.01
2122106,9.83,1.6,-0.18,-0.11,-0.0,-0.01
2122120,9.84,1.62,-0.14,-0.1,-0.0,-0.01
2122133,9.83,1.63,-0.14,-0.08,-0.0,-0.01
2122147,9.84,1.58,-0.14,-0.07,0.01,-0.01
2122161,9.86,1.54,-0.14,-0.08,0.01,-0.01
2122174,9.88,1.53,-0.14,-0.09,0.01,-0.01
2122188,9.87,1.57,-0.12,-0.11,0.01,-0.01
2122202,9.83,1.58,-0.13,-0.12,0.0,-0.01
2122215,9.82,1.61,-0.12,-0.1,-0.0,-0.01
2122229,9.83,1.64,-0.14,-0.09,0.0,-0.01
2122243,9.82,1.61,-0.13,-0.07,0.01,-0.01
2122256,9.82,1.57,-0.13,-0.07,0.01,-0.01
2122270,9.83,1.54,-0.12,-0.08,0.01,-0.01
2122284,9.84,1.53,-0.09,-0.1,0.0,-0.01
2122297,9.84,1.56,-0.1,-0.11,-0.0,-0.01
2122311,9.85,1.58,-0.11,-0.1,0.0,-0.01
2122325,9.83,1.61,-0.09,-0.09,0.01,-0.01
2122338,9.82,1.58,-0.11,-0.07,0.02,-0.01
2122352,9.85,1.5,-0.1,-0.07,0.03,-0.01
2122366,9.9,1.49,-0.14,-0.08,0.02,-0.01
2122379,9.91,1.51,-0.17,-0.09,0.02,-0.01
2122393,9.86,1.52,-0.2,-0.1,0.01,-0.01
2122407,9.88,1.53,-0.2,-0.1,0.01,-0.01
2122420,9.86,1.53,-0.18,-0.1,0.01,-0.01
2122434,9.85,1.51,-0.18,-0.1,0.0,-0.01
2122448,9.85,1.55,-0.17,-0.1,0.0,-0.01
2122461,9.84,1.54,-0.11,-0.1,0.0,-0.01
2122475,9.82,1.55,-0.14,-0.1,0.0,-0.01
2122488,9.83,1.56,-0.1,-0.09,0.0,-0.0
2122501,9.83,1.54,-0.11,-0.09,0.01,0.0
2122515,9.83,1.56,-0.11,-0.09,0.01,0.0
2122529,9.82,1.59,-0.08,-0.08,0.01,0.0
2122542,9.83,1.61,-0.07,-0.08,0.02,0.0
2122556,9.85,1.6,-0.08,-0.07,0.02,-0.0
2122570,9.82,1.55,-0.07,-0.07,0.02,-0.01
2122584,9.81,1.56,-0.15,-0.08,0.02,-0.01
2122597,9.82,1.55,-0.15,-0.08,0.02,-0.02
2122611,9.9,1.54,-0.13,-0.08,0.02,-0.02
2122625,9.94,1.52,-0.13,-0.08,0.01,-0.02
2122638,9.93,1.49,-0.15,-0.09,0.01,-0.02
2122652,9.9,1.48,-0.15,-0.09,0.01,-0.02
2122666,9.87,1.44,-0.17,-0.1,0.01,-0.02
2122679,9.86,1.43,-0.16,-0.11,0.01,-0.02
2122693,9.84,1.45,-0.15,-0.12,0.0,-0.02
2122707,9.83,1.48,-0.14,-0.13,0.0,-0.02
2122720,9.82,1.53,-0.15,-0.11,0.01,-0.01
2122734,9.82,1.58,-0.14,-0.09,0.01,-0.0
2122748,9.85,1.57,-0.11,-0.07,0.02,0.0
2122761,9.88,1.58,-0.14,-0.07,0.02,-0.0
2122775,9.86,1.55,-0.08,-0.08,0.02,-0.01
2122789,9.88,1.55,-0.08,-0.1,0.01,-0.01
2122802,9.86,1.58,-0.09,-0.11,0.01,-0.02
2122816,9.83,1.58,-0.11,-0.11,0.0,-0.03
2122830,9.84,1.58,-0.08,-0.11,0.0,-0.03
2122844,9.82,1.54,-0.07,-0.09,0.0,-0.03
2122857,9.83,1.52,-0.1,-0.09,0.01,-0.03
2122871,9.86,1.49,-0.12,-0.09,0.01,-0.03
2122885,9.87,1.47,-0.16,-0.09,0.02,-0.02
2122898,9.88,1.47,-0.15,-0.1,0.02,-0.02
2122912,9.86,1.5,-0.13,-0.11,0.01,-0.02
2122926,9.85,1.53,-0.14,-0.11,0.01,-0.02
2122939,9.86,1.53,-0.17,-0.11,0.0,-0.02
2122953,9.87,1.5,-0.1,-0.11,0.0,-0.03
2122967,9.87,1.51,-0.12,-0.11,0.0,-0.03
2122981,9.87,1.51,-0.14,-0.11,0.0,-0.02
2122994,9.86,1.5,-0.13,-0.12,0.0,-0.02
2123008,9.89,1.49,-0.08,-0.12,0.0,-0.02
2123022,9.87,1.53,-0.12,-0.13,0.0,-0.02
2123035,9.85,1.56,-0.12,-0.12,0.0,-0.02
2123049,9.84,1.58,-0.12,-0.11,0.01,-0.02
2123063,9.84,1.56,-0.12,-0.1,0.01,-0.02
2123076,9.85,1.52,-0.09,-0.09,0.01,-0.02
2123090,9.85,1.51,-0.12,-0.1,0.01,-0.02
2123104,9.87,1.53,-0.13,-0.11,0.01,-0.02
2123117,9.87,1.53,-0.11,-0.11,0.01,-0.02
2123131,9.87,1.57,-0.13,-0.11,0.01,-0.02
2123145,9.85,1.53,-0.16,-0.11,0.01,-0.02
2123158,9.88,1.57,-0.15,-0.11,0.01,-0.02
2123172,9.88,1.56,-0.17,-0.11,0.01,-0.01
2123186,9.91,1.57,-0.13,-0.1,0.01,-0.01
2123199,9.87,1.55,-0.16,-0.1,0.0,-0.01
2123213,9.82,1.57,-0.12,-0.1,0.0,-0.01
2123227,9.81,1.56,-0.13,-0.1,0.01,-0.01
2123240,9.87,1.55,-0.11,-0.1,0.01,-0.01
2123254,9.92,1.56,-0.09,-0.11,0.0,-0.01
2123268,9.87,1.59,-0.11,-0.11,0.0,-0.01
2123281,9.84,1.58,-0.14,-0.11,0.0,-0.01
2123295,9.83,1.56,-0.12,-0.1,0.01,-0.02
2123309,9.86,1.52,-0.12,-0.11,0.0,-0.02
2123322,9.85,1.52,-0.13,-0.11,-0.0,-0.02
2123336,9.82,1.51,-0.11,-0.12,-0.0,-0.02
2123350,9.8,1.58,-0.08,-0.12,0.0,-0.02
2123363,9.82,1.59,-0.14,-0.1,0.01,-0.01
2123377,9.85,1.6,-0.15,-0.08,0.02,-0.01
2123391,9.86,1.56,-0.13,-0.07,0.02,-0.01
2123404,9.91,1.52,-0.16,-0.08,0.02,-0.01
2123418,9.91,1.51,-0.15,-0.09,0.01,-0.01
2123432,9.9,1.52,-0.14,-0.11,0.0,-0.02
2123445,9.88,1.53,-0.12,-0.13,-0.01,-0.02
2123459,9.85,1.56,-0.14,-0.12,-0.01,-0.03
2123473,9.84,1.53,-0.12,-0.11,-0.01,-0.03
2123486,9.83,1.5,-0.1,-0.1,-0.01,-0.03
2123500,9.86,1.48,-0.07,-0.09,-0.0,-0.02
2123514,9.84,1.46,-0.09,-0.1,0.0,-0.01
2123527,9.84,1.46,-0.11,-0.1,0.01,-0.01
2123542,9.85,1.49,-0.11,-0.1,0.01,-0.0
2123555,9.82,1.52,-0.12,-0.11,0.01,-0.01
2123569,9.84,1.55,-0.13,-0.11,0.01,-0.01
2123583,9.82,1.56,-0.11,-0.1,0.01,-0.01
2123596,9.84,1.57,-0.12,-0.1,0.01,-0.01
2123610,9.83,1.59,-0.13,-0.09,0.01,-0.01
2123624,9.86,1.58,-0.11,-0.09,0.01,-0.02
2123637,9.88,1.55,-0.13,-0.1,0.01,-0.02
2123651,9.87,1.56,-0.1,-0.12,0.01,-0.02
2123665,9.85,1.6,-0.14,-0.12,0.01,-0.03
2123678,9.84,1.59,-0.13,-0.12,0.0,-0.03
2123692,9.82,1.6,-0.15,-0.1,0.0,-0.03
2123706,9.84,1.57,-0.13,-0.09,0.0,-0.03
2123719,9.84,1.53,-0.15,-0.09,0.01,-0.03
2123733,9.84,1.5,-0.15,-0.09,0.01,-0.02
2123747,9.86,1.5,-0.14,-0.1,0.01,-0.02
2123760,9.87,1.52,-0.17,-0.12,0.01,-0.02
2123774,9.87,1.54,-0.14,-0.12,0.0,-0.02
2123788,9.87,1.56,-0.14,-0.11,0.0,-0.02
2123801,9.87,1.55,-0.14,-0.1,0.0,-0.02
2123815,9.87,1.54,-0.13,-0.1,0.0,-0.02
2123829,9.83,1.54,-0.1,-0.1,-0.0,-0.02
2123842,9.8,1.51,-0.13,-0.1,0.0,-0.02
2123856,9.84,1.49,-0.14,-0.11,0.01,-0.02
2123870,9.89,1.51,-0.1,-0.12,0.0,-0.02
2123883,9.87,1.55,-0.07,-0.12,-0.0,-0.02
2123897,9.83,1.58,-0.08,-0.12,0.0,-0.02
2123911,9.83,1.58,-0.11,-0.1,0.01,-0.02
2123924,9.83,1.54,-0.09,-0.08,0.02,-0.02
2123938,9.83,1.5,-0.13,-0.09,0.02,-0.02
2123952,9.84,1.51,-0.13,-0.11,0.02,-0.02
2123965,9.84,1.53,-0.15,-0.12,0.02,-0.02
2123979,9.85,1.55,-0.14,-0.12,0.01,-0.02
2123993,9.86,1.63,-0.15,-0.11,0.01,-0.01
2124006,9.87,1.64,-0.15,-0.09,0.01,-0.01
2124020,9.88,1.62,-0.15,-0.08,0.01,-0.02
2124034,9.88,1.58,-0.17,-0.08,0.01,-0.02
2124047,9.88,1.56,-0.14,-0.09,0.01,-0.02
2124061,9.88,1.54,-0.13,-0.1,-0.0,-0.03
2124075,9.86,1.54,-0.13,-0.11,-0.0,-0.03
2124089,9.86,1.55,-0.1,-0.12,-0.01,-0.03
2124102,9.87,1.54,-0.08,-0.11,-0.01,-0.03
2124116,9.87,1.54,-0.09,-0.11,-0.01,-0.03
2124130,9.83,1.55,-0.1,-0.1,0.0,-0.03
2124144,9.82,1.53,-0.1,-0.09,0.01,-0.02
2124157,9.82,1.52,-0.07,-0.09,0.01,-0.02
2124171,9.85,1.51,-0.09,-0.1,0.01,-0.02
2124185,9.85,1.51,-0.11,-0.11,0.01,-0.02
2124198,9.84,1.54,-0.12,-0.12,0.0,-0.02
2124212,9.86,1.56,-0.13,-0.12,0.0,-0.02
2124226,9.86,1.6,-0.11,-0.11,0.01,-0.02
2124239,9.85,1.6,-0.12,-0.1,0.01,-0.03
2124253,9.84,1.56,-0.13,-0.1,0.01,-0.02
2124267,9.86,1.56,-0.12,-0.1,0.01,-0.02
2124280,9.86,1.55,-0.14,-0.1,0.01,-0.02
2124294,9.84,1.56,-0.15,-0.1,0.01,-0.02
2124308,9.85,1.58,-0.14,-0.11,0.01,-0.02
2124321,9.85,1.59,-0.14,-0.1,0.0,-0.02
2124335,9.85,1.6,-0.16,-0.1,0.0,-0.02
2124349,9.85,1.6,-0.15,-0.1,0.0,-0.02
2124362,9.84,1.59,-0.15,-0.1,0.01,-0.02
2124376,9.83,1.56,-0.16,-0.09,0.01,-0.02
2124390,9.86,1.57,-0.13,-0.1,0.0,-0.02
2124403,9.86,1.58,-0.13,-0.11,0.0,-0.01
2124417,9.85,1.6,-0.13,-0.11,0.0,-0.01
2124431,9.83,1.6,-0.11,-0.1,0.0,-0.02
2124444,9.83,1.59,-0.11,-0.09,0.01,-0.02
2124458,9.85,1.58,-0.09,-0.09,0.0,-0.02
2124472,9.81,1.54,-0.1,-0.09,0.0,-0.02
2124485,9.78,1.55,-0.1,-0.1,0.0,-0.02
2124499,9.79,1.54,-0.12,-0.1,0.0,-0.02
2124513,9.88,1.53,-0.1,-0.09,0.01,-0.02
2124527,9.9,1.53,-0.08,-0.09,0.01,-0.02
2124540,9.88,1.51,-0.12,-0.09,0.01,-0.01
2124554,9.88,1.53,-0.12,-0.1,0.02,-0.01
2124568,9.86,1.52,-0.12,-0.11,0.02,-0.01
2124581,9.84,1.54,-0.15,-0.11,0.01,-0.01
2124595,9.82,1.56,-0.14,-0.11,0.01,-0.01
2124609,9.8,1.58,-0.13,-0.1,0.01,-0.01
2124622,9.81,1.59,-0.15,-0.09,0.02,-0.01
2124636,9.85,1.6,-0.14,-0.09,0.02,-0.01
2124650,9.88,1.62,-0.15,-0.09,0.02,-0.01
2124663,9.9,1.63,-0.12,-0.1,0.01,-0.01
2124677,9.88,1.63,-0.17,-0.1,0.01,-0.02
2124691,9.89,1.63,-0.16,-0.1,0.01,-0.02
2124704,9.88,1.62,-0.17,-0.09,0.0,-0.03
2124718,9.84,1.56,-0.17,-0.1,-0.0,-0.03
2124732,9.83,1.49,-0.13,-0.11,-0.01,-0.03
2124745,9.85,1.48,-0.14,-0.12,-0.01,-0.03
2124759,9.86,1.5,-0.09,-0.12,-0.01,-0.03
2124773,9.84,1.51,-0.09,-0.12,-0.01,-0.02
2124786,9.81,1.51,-0.1,-0.11,-0.0,-0.01
2124800,9.8,1.51,-0.09,-0.1,0.01,-0.01
2124814,9.84,1.53,-0.08,-0.1,0.01,-0.01
2124827,9.83,1.53,-0.08,-0.1,0.01,-0.01
2124841,9.87,1.56,-0.1,-0.11,0.01,-0.01
2124855,9.84,1.59,-0.13,-0.12,0.01,-0.02
2124869,9.84,1.61,-0.13,-0.12,0.01,-0.02
2124882,9.85,1.61,-0.14,-0.11,0.01,-0.03
2124896,9.87,1.6,-0.14,-0.11,0.01,-0.03
2124910,9.89,1.58,-0.13,-0.11,0.01,-0.03
2124924,9.88,1.61,-0.17,-0.11,0.01,-0.02
2124937,9.88,1.62,-0.16,-0.11,0.01,-0.02
2124951,9.87,1.6,-0.18,-0.1,0.01,-0.02
2124965,9.85,1.59,-0.17,-0.1,0.01,-0.02
2124978,9.84,1.55,-0.18,-0.1,0.0,-0.02
2124992,9.84,1.54,-0.16,-0.12,-0.01,-0.02
2125006,9.82,1.56,-0.15,-0.12,-0.01,-0.02
2125019,9.83,1.62,-0.11,-0.11,-0.01,-0.02
2125033,9.84,1.59,-0.12,-0.1,-0.01,-0.02
2125047,9.84,1.57,-0.1,-0.1,-0.0,-0.02
2125060,9.84,1.59,-0.12,-0.1,0.0,-0.02
2125074,9.84,1.58,-0.13,-0.11,0.01,-0.02
2125088,9.85,1.59,-0.12,-0.11,0.01,-0.02
2125101,9.83,1.6,-0.12,-0.1,0.01,-0.02
2125115,9.85,1.59,-0.12,-0.09,0.01,-0.03
2125129,9.84,1.57,-0.12,-0.09,0.01,-0.02
2125142,9.84,1.52,-0.14,-0.1,0.01,-0.02
2125156,9.81,1.54,-0.16,-0.11,0.01,-0.02
2125170,9.8,1.55,-0.12,-0.11,0.01,-0.02
2125183,9.87,1.55,-0.12,-0.1,0.01,-0.02
2125197,9.92,1.54,-0.12,-0.1,0.01,-0.02
2125211,9.88,1.55,-0.15,-0.1,0.01,-0.01
2125224,9.84,1.57,-0.17,-0.1,0.01,-0.01
2125238,9.84,1.57,-0.16,-0.1,0.01,-0.01
2125252,9.85,1.58,-0.15,-0.1,0.01,-0.01
2125265,9.82,1.59,-0.12,-0.11,0.0,-0.01
2125279,9.77,1.6,-0.14,-0.11,0.0,-0.01
2125293,9.81,1.64,-0.17,-0.1,0.01,-0.01
2125306,9.84,1.65,-0.13,-0.1,0.01,-0.01
2125320,9.87,1.63,-0.1,-0.09,0.01,-0.01
2125334,9.88,1.63,-0.12,-0.1,0.01,-0.02
2125347,9.88,1.62,-0.09,-0.1,0.0,-0.02
2125361,9.86,1.64,-0.11,-0.1,0.0,-0.02
2125375,9.83,1.61,-0.15,-0.09,0.0,-0.03
2125388,9.81,1.56,-0.14,-0.09,0.01,-0.03
2125402,9.82,1.53,-0.13,-0.09,0.01,-0.03
2125416,9.85,1.5,-0.11,-0.11,0.0,-0.03
2125430,9.88,1.51,-0.11,-0.12,-0.0,-0.02
2125444,9.85,1.54,-0.11,-0.12,-0.0,-0.02
2125457,9.85,1.58,-0.11,-0.1,0.0,-0.01
2125471,9.82,1.58,-0.12,-0.08,0.01,-0.01
2125485,9.83,1.6,-0.11,-0.07,0.02,-0.01
2125498,9.83,1.56,-0.12,-0.07,0.02,-0.01
2125512,9.85,1.54,-0.16,-0.09,0.02,-0.01
2125526,9.84,1.56,-0.14,-0.11,0.02,-0.01
2125539,9.84,1.58,-0.13,-0.11,0.01,-0.01
2125553,9.86,1.61,-0.14,-0.1,0.01,-0.01
2125567,9.85,1.61,-0.16,-0.09,0.01,-0.01
2125580,9.84,1.59,-0.12,-0.09,0.01,-0.01
2125594,9.85,1.59,-0.13,-0.09,0.02,-0.01
2125608,9.88,1.61,-0.14,-0.09,0.02,-0.01
2125621,9.88,1.59,-0.16,-0.09,0.02,-0.01
2125635,9.89,1.57,-0.19,-0.1,0.02,-0.01
2125649,9.87,1.61,-0.21,-0.1,0.01,-0.01
2125662,9.87,1.62,-0.17,-0.09,0.01,-0.01
2125676,9.86,1.64,-0.17,-0.08,0.01,-0.01
2125690,9.87,1.59,-0.17,-0.08,0.01,-0.01
2125703,9.86,1.6,-0.19,-0.09,0.01,-0.01
2125717,9.85,1.59,-0.14,-0.1,0.0,-0.01
2125731,9.86,1.59,-0.15,-0.1,0.0,-0.01
2125744,9.85,1.61,-0.15,-0.1,0.0,-0.01
2125758,9.83,1.62,-0.11,-0.09,-0.0,-0.01
2125772,9.84,1.6,-0.11,-0.08,0.0,-0.01
2125785,9.82,1.59,-0.12,-0.07,0.01,-0.01
2125799,9.88,1.55,-0.11,-0.07,0.01,-0.02
2125813,9.9,1.48,-0.14,-0.09,0.0,-0.02
2125826,9.82,1.47,-0.08,-0.11,0.0,-0.01
2125840,9.8,1.52,-0.12,-0.11,0.0,-0.01
2125854,9.82,1.56,-0.12,-0.1,0.01,-0.01
2125867,9.85,1.56,-0.1,-0.08,0.01,-0.0
2125881,9.87,1.56,-0.13,-0.07,0.02,-0.0
2125895,9.87,1.5,-0.09,-0.08,0.02,0.0
2125908,9.89,1.47,-0.13,-0.09,0.02,-0.0
2125922,9.84,1.51,-0.13,-0.11,0.01,-0.01
2125936,9.84,1.55,-0.14,-0.11,0.01,-0.01
2125949,9.8,1.58,-0.11,-0.11,0.01,-0.01
2125963,9.81,1.59,-0.15,-0.1,0.01,-0.01
2125977,9.81,1.62,-0.15,-0.08,0.02,-0.0
2125990,9.83,1.61,-0.13,-0.07,0.03,0.0
2126004,9.88,1.59,-0.15,-0.07,0.02,-0.0
2126018,9.91,1.58,-0.14,-0.08,0.02,-0.01
2126031,9.92,1.58,-0.19,-0.09,0.01,-0.01
2126045,9.89,1.6,-0.17,-0.1,-0.0,-0.02
2126059,9.87,1.6,-0.16,-0.1,-0.0,-0.02
2126073,9.83,1.57,-0.15,-0.1,-0.0,-0.03
2126086,9.81,1.54,-0.12,-0.09,-0.0,-0.03
2126100,9.83,1.5,-0.13,-0.09,-0.0,-0.03
2126114,9.85,1.47,-0.12,-0.09,0.0,-0.02
2126127,9.86,1.47,-0.11,-0.09,0.0,-0.02
2126141,9.85,1.49,-0.09,-0.1,0.01,-0.01
2126155,9.85,1.49,-0.08,-0.1,0.01,-0.01
2126169,9.85,1.5,-0.09,-0.09,0.01,-0.01
2126182,9.85,1.51,-0.12,-0.09,0.01,-0.01
2126196,9.84,1.52,-0.11,-0.09,0.01,-0.02
2126210,9.85,1.54,-0.12,-0.09,0.02,-0.02
2126223,9.86,1.52,-0.12,-0.1,0.01,-0.02
2126237,9.86,1.53,-0.11,-0.1,0.01,-0.02
2126251,9.86,1.53,-0.11,-0.1,0.01,-0.02
2126264,9.85,1.56,-0.07,-0.11,0.01,-0.02
2126278,9.86,1.56,-0.1,-0.11,0.02,-0.02
2126292,9.87,1.55,-0.11,-0.1,0.02,-0.02
2126305,9.85,1.55,-0.12,-0.1,0.02,-0.02
2126319,9.86,1.57,-0.11,-0.1,0.01,-0.02
2126333,9.86,1.58,-0.13,-0.1,0.01,-0.02
2126346,9.85,1.58,-0.14,-0.1,0.01,-0.02
2126360,9.85,1.57,-0.18,-0.1,0.01,-0.02
2126374,9.83,1.54,-0.15,-0.1,0.01,-0.02
2126387,9.84,1.54,-0.14,-0.11,0.01,-0.02
2126401,9.87,1.53,-0.15,-0.12,0.0,-0.02
2126415,9.86,1.54,-0.11,-0.11,0.0,-0.02
2126428,9.84,1.55,-0.11,-0.1,0.0,-0.02
2126442,9.86,1.54,-0.11,-0.09,0.01,-0.02
2126456,9.86,1.51,-0.09,-0.09,0.01,-0.02
2126469,9.83,1.47,-0.1,-0.1,0.01,-0.02
2126483,9.8,1.49,-0.12,-0.11,0.01,-0.02
2126497,9.79,1.51,-0.12,-0.11,0.01,-0.02
2126510,9.9,1.51,-0.11,-0.1,0.01,-0.02
2126524,9.93,1.5,-0.08,-0.1,0.01,-0.02
2126538,9.9,1.48,-0.08,-0.11,0.01,-0.01
2126552,9.87,1.51,-0.12,-0.13,0.01,-0.01
2126565,9.86,1.54,-0.12,-0.13,0.01,-0.01
2126579,9.83,1.57,-0.13,-0.12,0.01,-0.02
2126593,9.82,1.56,-0.11,-0.12,0.01,-0.02
2126606,9.81,1.57,-0.11,-0.11,0.01,-0.01
2126620,9.84,1.62,-0.13,-0.1,0.02,-0.01
2126634,9.88,1.61,-0.14,-0.1,0.02,-0.01
2126647,9.92,1.63,-0.14,-0.1,0.02,-0.01
2126661,9.87,1.63,-0.17,-0.1,0.01,-0.02
2126675,9.88,1.6,-0.14,-0.11,0.0,-0.02
2126688,9.9,1.62,-0.16,-0.11,-0.0,-0.03
2126702,9.8,1.57,-0.16,-0.11,-0.01,-0.04
2126716,9.83,1.51,-0.15,-0.12,-0.01,-0.04
2126729,9.87,1.49,-0.13,-0.13,-0.01,-0.04
2126743,9.88,1.51,-0.11,-0.13,-0.01,-0.03
2126757,9.81,1.49,-0.06,-0.12,-0.01,-0.03
2126770,9.82,1.5,-0.07,-0.11,-0.0,-0.03
2126784,9.81,1.5,-0.06,-0.11,-0.0,-0.02
2126798,9.83,1.51,-0.09,-0.11,0.01,-0.02
2126811,9.83,1.52,-0.07,-0.11,0.01,-0.02
2126825,9.87,1.54,-0.08,-0.11,0.02,-0.02
2126839,9.85,1.55,-0.1,-0.12,0.02,-0.02
2126852,9.84,1.56,-0.11,-0.12,0.02,-0.02
2126866,9.85,1.58,-0.14,-0.12,0.01,-0.02
2126880,9.85,1.62,-0.11,-0.11,0.01,-0.02
2126893,9.85,1.58,-0.15,-0.11,0.0,-0.03
2126907,9.88,1.56,-0.13,-0.11,0.01,-0.03
2126921,9.87,1.59,-0.11,-0.12,0.0,-0.03
2126934,9.82,1.6,-0.12,-0.12,0.0,-0.03
2126948,9.84,1.59,-0.11,-0.12,0.0,-0.03
2126962,9.85,1.59,-0.08,-0.12,-0.0,-0.03
2126975,9.86,1.56,-0.12,-0.13,-0.0,-0.03
2126989,9.87,1.58,-0.07,-0.13,-0.0,-0.03
2127003,9.87,1.6,-0.08,-0.12,0.0,-0.03
2127016,9.87,1.61,-0.12,-0.1,0.01,-0.02
2127030,9.86,1.57,-0.12,-0.09,0.01,-0.02
2127044,9.85,1.56,-0.15,-0.09,0.02,-0.02
2127057,9.85,1.55,-0.16,-0.1,0.01,-0.01
2127071,9.88,1.58,-0.14,-0.11,0.01,-0.01
2127085,9.9,1.6,-0.13,-0.12,0.0,-0.01
2127098,9.87,1.61,-0.13,-0.11,-0.0,-0.02
2127112,9.81,1.62,-0.14,-0.11,-0.0,-0.02
2127126,9.82,1.63,-0.12,-0.1,-0.0,-0.02
2127139,9.88,1.56,-0.09,-0.1,-0.0,-0.03
2127153,9.91,1.55,-0.11,-0.11,-0.0,-0.03
2127166,9.87,1.57,-0.12,-0.12,-0.0,-0.02
2127180,9.87,1.57,-0.11,-0.13,-0.0,-0.02
2127193,9.86,1.56,-0.12,-0.12,0.0,-0.02
2127207,9.84,1.57,-0.12,-0.12,0.0,-0.02
2127221,9.83,1.55,-0.1,-0.12,0.0,-0.02
2127234,9.82,1.59,-0.11,-0.12,0.0,-0.02
2127248,9.81,1.58,-0.13,-0.11,0.01,-0.02
2127262,9.79,1.58,-0.11,-0.1,0.02,-0.01
2127275,9.81,1.61,-0.1,-0.09,0.02,-0.01
2127289,9.83,1.6,-0.15,-0.09,0.01,-0.01
2127303,9.86,1.6,-0.11,-0.09,0.01,-0.01
2127316,9.87,1.63,-0.13,-0.1,0.01,-0.01
2127330,9.87,1.64,-0.11,-0.1,0.01,-0.01
2127344,9.87,1.62,-0.07,-0.1,0.01,-0.01
2127357,9.87,1.65,-0.09,-0.09,0.02,-0.01
2127371,9.91,1.64,-0.13,-0.08,0.02,-0.01
2127385,9.91,1.64,-0.14,-0.07,0.02,-0.01
2127399,9.91,1.6,-0.17,-0.07,0.02,-0.01
2127412,9.9,1.57,-0.17,-0.08,0.01,-0.01
2127426,9.88,1.56,-0.19,-0.1,-0.0,-0.01
2127440,9.89,1.55,-0.17,-0.12,-0.02,-0.02
2127453,9.86,1.57,-0.16,-0.12,-0.02,-0.02
2127467,9.81,1.57,-0.12,-0.11,-0.02,-0.02
2127481,9.8,1.54,-0.08,-0.11,-0.02,-0.02
2127494,9.77,1.49,-0.07,-0.11,-0.02,-0.02
2127508,9.78,1.5,-0.03,-0.12,-0.02,-0.02
2127522,9.8,1.49,0.01,-0.13,-0.02,-0.02
2127535,9.8,1.52,0.03,-0.13,-0.01,-0.02
2127549,9.77,1.56,0.01,-0.12,0.0,-0.02
2127563,9.76,1.55,-0.03,-0.11,0.02,-0.02
2127576,9.82,1.56,-0.04,-0.1,0.03,-0.01
2127590,9.84,1.58,-0.06,-0.09,0.04,-0.01
2127604,9.86,1.6,-0.09,-0.08,0.04,-0.0
2127617,9.84,1.61,-0.19,-0.08,0.05,-0.0
2127631,9.89,1.58,-0.21,-0.08,0.05,-0.01
2127645,9.91,1.58,-0.26,-0.1,0.03,-0.01
2127658,9.89,1.62,-0.24,-0.12,0.02,-0.01
2127672,9.87,1.65,-0.28,-0.11,0.01,-0.02
2127686,9.85,1.65,-0.26,-0.1,-0.0,-0.02
2127699,9.89,1.64,-0.24,-0.09,-0.0,-0.02
2127713,9.89,1.59,-0.16,-0.09,-0.01,-0.01
2127727,9.87,1.56,-0.14,-0.11,-0.02,-0.02
2127740,9.82,1.6,-0.08,-0.12,-0.02,-0.02
2127754,9.81,1.59,-0.06,-0.11,-0.02,-0.02
2127768,9.86,1.56,-0.02,-0.11,-0.01,-0.02
2127781,9.85,1.57,-0.0,-0.1,-0.01,-0.02
2127795,9.8,1.54,-0.02,-0.11,-0.0,-0.02
2127809,9.8,1.56,-0.03,-0.1,0.01,-0.01
2127822,9.82,1.56,-0.04,-0.09,0.03,-0.01
2127836,9.81,1.55,-0.05,-0.09,0.03,-0.01
2127850,9.81,1.56,-0.06,-0.09,0.03,-0.01
2127863,9.81,1.57,-0.12,-0.1,0.03,-0.01
2127877,9.82,1.6,-0.16,-0.09,0.03,-0.01
2127891,9.84,1.63,-0.16,-0.09,0.03,-0.01
2127905,9.86,1.62,-0.14,-0.08,0.03,-0.01
2127919,9.88,1.6,-0.17,-0.08,0.02,-0.01
2127932,9.89,1.59,-0.17,-0.09,0.01,-0.02
2127946,9.9,1.56,-0.18,-0.1,0.0,-0.02
2127960,9.89,1.56,-0.15,-0.11,-0.0,-0.02
2127973,9.88,1.54,-0.14,-0.12,-0.01,-0.03
2127987,9.86,1.55,-0.12,-0.12,-0.01,-0.03
2128001,9.87,1.53,-0.1,-0.11,-0.01,-0.03
2128014,9.87,1.49,-0.07,-0.1,-0.0,-0.03
2128028,9.85,1.49,-0.06,-0.1,0.0,-0.02
2128042,9.84,1.5,-0.08,-0.1,0.01,-0.01
2128055,9.84,1.51,-0.07,-0.1,0.01,-0.01
2128069,9.85,1.53,-0.09,-0.1,0.01,-0.01
2128083,9.82,1.56,-0.1,-0.1,0.01,-0.01
2128096,9.84,1.58,-0.1,-0.11,0.01,-0.01
2128110,9.84,1.6,-0.12,-0.11,0.01,-0.01
2128124,9.84,1.63,-0.13,-0.1,0.01,-0.02
2128137,9.84,1.64,-0.11,-0.1,0.01,-0.02
2128151,9.84,1.63,-0.11,-0.09,0.01,-0.02
2128165,9.83,1.64,-0.11,-0.09,0.01,-0.02
2128178,9.83,1.62,-0.1,-0.09,0.01,-0.02
2128192,9.84,1.6,-0.08,-0.09,0.01,-0.02
2128206,9.86,1.58,-0.13,-0.1,0.01,-0.02
2128219,9.9,1.58,-0.15,-0.11,0.0,-0.02
2128233,9.87,1.57,-0.13,-0.11,-0.0,-0.02
2128247,9.87,1.58,-0.11,-0.11,-0.0,-0.02
2128260,9.83,1.61,-0.11,-0.1,-0.0,-0.02
2128274,9.84,1.58,-0.1,-0.09,0.0,-0.02
2128288,9.85,1.54,-0.1,-0.08,0.01,-0.02
2128301,9.86,1.52,-0.11,-0.08,0.01,-0.01
2128315,9.89,1.52,-0.11,-0.09,0.01,-0.01
2128329,9.87,1.53,-0.12,-0.1,0.0,-0.01
2128342,9.88,1.57,-0.12,-0.1,-0.0,-0.01
2128356,9.85,1.55,-0.1,-0.09,-0.0,-0.01
2128370,9.82,1.56,-0.14,-0.09,0.0,-0.01
2128383,9.81,1.55,-0.13,-0.09,0.01,-0.01
2128397,9.86,1.52,-0.1,-0.09,0.01,-0.01
2128411,9.91,1.54,-0.1,-0.09,0.01,-0.01
2128424,9.88,1.54,-0.09,-0.1,0.01,-0.01
2128438,9.84,1.56,-0.13,-0.1,0.01,-0.0
2128452,9.84,1.55,-0.13,-0.1,0.01,-0.0
2128465,9.82,1.56,-0.14,-0.1,0.01,-0.01
2128479,9.81,1.57,-0.12,-0.11,0.01,-0.01
2128493,9.83,1.6,-0.12,-0.11,0.01,-0.01
2128507,9.83,1.61,-0.13,-0.1,0.01,-0.01
2128520,9.83,1.65,-0.11,-0.09,0.02,-0.01
2128534,9.85,1.65,-0.14,-0.08,0.02,-0.0
2128548,9.85,1.62,-0.14,-0.07,0.02,-0.01
2128561,9.86,1.62,-0.16,-0.07,0.01,-0.01
2128575,9.88,1.6,-0.16,-0.07,0.01,-0.01
2128589,9.89,1.56,-0.14,-0.08,0.0,-0.02
2128602,9.86,1.55,-0.15,-0.09,-0.0,-0.02
2128616,9.85,1.54,-0.12,-0.1,-0.01,-0.02
2128630,9.84,1.52,-0.13,-0.09,-0.01,-0.02
2128643,9.85,1.52,-0.1,-0.08,0.0,-0.02
2128657,9.85,1.49,-0.08,-0.08,0.01,-0.01
2128671,9.85,1.49,-0.11,-0.08,0.01,-0.01
2128684,9.84,1.48,-0.1,-0.08,0.02,-0.01
2128698,9.86,1.48,-0.11,-0.09,0.02,-0.01
2128712,9.85,1.5,-0.09,-0.1,0.01,-0.01
2128725,9.85,1.52,-0.1,-0.1,0.01,-0.01
2128739,9.87,1.55,-0.13,-0.09,0.01,-0.01
2128753,9.86,1.56,-0.12,-0.08,0.01,-0.01
2128766,9.87,1.55,-0.09,-0.09,0.01,-0.01
2128780,9.88,1.57,-0.11,-0.09,0.01,-0.01
2128794,9.85,1.55,-0.13,-0.1,0.01,-0.01
2128807,9.84,1.58,-0.14,-0.11,0.0,-0.02
2128821,9.83,1.58,-0.1,-0.11,0.0,-0.02
2128835,9.82,1.58,-0.09,-0.11,0.0,-0.03
2128848,9.82,1.56,-0.13,-0.1,0.01,-0.02
2128862,9.83,1.55,-0.1,-0.1,0.01,-0.02
2128876,9.85,1.53,-0.1,-0.1,0.01,-0.02
2128889,9.87,1.53,-0.1,-0.09,0.01,-0.02
2128903,9.86,1.53,-0.12,-0.09,0.01,-0.02
2128917,9.87,1.51,-0.11,-0.09,0.02,-0.02
2128930,9.85,1.53,-0.11,-0.09,0.02,-0.01
2128944,9.86,1.55,-0.13,-0.09,0.02,-0.01
2128958,9.85,1.55,-0.14,-0.07,0.02,-0.01
2128971,9.89,1.53,-0.16,-0.07,0.02,-0.01
2128985,9.89,1.52,-0.14,-0.09,0.01,-0.01
2128999,9.85,1.53,-0.13,-0.1,0.01,-0.01
2129012,9.83,1.56,-0.11,-0.1,0.0,-0.01
2129026,9.86,1.58,-0.09,-0.1,0.0,-0.02
2129040,9.91,1.55,-0.06,-0.09,0.0,-0.02
2129053,9.91,1.55,-0.08,-0.09,0.0,-0.01
2129067,9.86,1.53,-0.12,-0.09,0.0,-0.01
2129081,9.85,1.51,-0.09,-0.09,0.01,-0.01
2129094,9.84,1.5,-0.08,-0.1,0.01,-0.02
2129108,9.82,1.51,-0.07,-0.11,0.01,-0.02
2129122,9.81,1.52,-0.08,-0.12,0.0,-0.02
2129135,9.81,1.57,-0.08,-0.11,0.01,-0.02
2129149,9.82,1.6,-0.1,-0.09,0.01,-0.01
2129163,9.83,1.6,-0.09,-0.07,0.02,-0.01
2129176,9.86,1.57,-0.09,-0.07,0.02,-0.01
2129190,9.9,1.53,-0.12,-0.08,0.02,-0.02
2129204,9.9,1.51,-0.1,-0.1,0.02,-0.02
2129217,9.9,1.53,-0.11,-0.11,0.01,-0.02
2129231,9.86,1.56,-0.13,-0.11,0.0,-0.03
2129245,9.84,1.55,-0.12,-0.1,0.0,-0.03
2129258,9.87,1.52,-0.12,-0.08,0.0,-0.03
2129272,9.86,1.49,-0.1,-0.08,0.0,-0.03
2129286,9.87,1.43,-0.12,-0.09,0.0,-0.02
2129300,9.87,1.44,-0.11,-0.11,0.0,-0.02
2129313,9.86,1.47,-0.09,-0.12,0.0,-0.02
2129327,9.86,1.51,-0.06,-0.12,0.0,-0.02
2129341,9.84,1.51,-0.07,-0.12,0.01,-0.02
2129355,9.8,1.55,-0.07,-0.11,0.01,-0.02
2129368,9.83,1.56,-0.06,-0.1,0.01,-0.02
2129382,9.86,1.54,-0.08,-0.1,0.01,-0.02
2129396,9.88,1.52,-0.09,-0.11,0.01,-0.02
2129409,9.88,1.53,-0.11,-0.11,0.01,-0.02
2129423,9.86,1.55,-0.1,-0.12,0.01,-0.02
2129437,9.85,1.53,-0.11,-0.12,0.01,-0.02
2129450,9.85,1.56,-0.12,-0.12,0.01,-0.02
2129464,9.85,1.55,-0.13,-0.11,0.01,-0.02
2129478,9.84,1.56,-0.11,-0.11,0.01,-0.02
2129491,9.87,1.55,-0.11,-0.1,0.01,-0.01
2129505,9.86,1.55,-0.12,-0.1,0.01,-0.01
2129519,9.87,1.54,-0.15,-0.11,0.01,-0.01
2129532,9.85,1.56,-0.14,-0.12,0.01,-0.02
2129546,9.87,1.57,-0.09,-0.12,0.0,-0.02
2129560,9.86,1.57,-0.12,-0.12,-0.0,-0.02
2129573,9.84,1.59,-0.14,-0.11,-0.0,-0.02
2129587,9.87,1.58,-0.12,-0.1,0.0,-0.01
2129601,9.86,1.56,-0.1,-0.1,-0.0,-0.01
2129614,9.83,1.56,-0.11,-0.1,0.0,-0.01
2129628,9.81,1.56,-0.1,-0.09,0.01,-0.02
2129642,9.87,1.53,-0.07,-0.1,0.01,-0.02
2129655,9.9,1.5,-0.09,-0.1,0.01,-0.02
2129669,9.87,1.53,-0.12,-0.11,0.0,-0.01
2129683,9.87,1.53,-0.14,-0.11,0.0,-0.01
2129697,9.88,1.53,-0.11,-0.11,0.01,-0.01
2129710,9.85,1.52,-0.12,-0.1,0.0,-0.01
2129724,9.83,1.53,-0.09,-0.11,-0.0,-0.01
2129738,9.81,1.52,-0.1,-0.11,-0.0,-0.01
2129751,9.8,1.56,-0.08,-0.11,0.0,-0.01
2129765,9.8,1.6,-0.07,-0.1,0.01,-0.01
2129779,9.84,1.61,-0.07,-0.09,0.01,-0.01
2129792,9.86,1.58,-0.09,-0.09,0.02,-0.01
2129806,9.88,1.58,-0.12,-0.09,0.01,-0.02
2129820,9.89,1.58,-0.13,-0.09,0.01,-0.02
2129833,9.88,1.58,-0.15,-0.09,0.0,-0.02
2129847,9.86,1.56,-0.13,-0.09,0.0,-0.03
2129861,9.87,1.48,-0.14,-0.1,-0.0,-0.03
2129874,9.89,1.46,-0.13,-0.12,-0.01,-0.03
2129888,9.89,1.45,-0.13,-0.13,-0.01,-0.03
2129902,9.87,1.49,-0.12,-0.13,-0.01,-0.03
2129915,9.86,1.5,-0.12,-0.13,-0.01,-0.03
2129929,9.84,1.53,-0.09,-0.11,-0.01,-0.02
2129943,9.84,1.5,-0.15,-0.1,-0.0,-0.02
2129956,9.82,1.49,-0.09,-0.11,0.0,-0.02
2129970,9.83,1.49,-0.11,-0.12,-0.0,-0.02
2129984,9.83,1.52,-0.07,-0.14,-0.0,-0.03
2129997,9.83,1.56,-0.07,-0.15,-0.01,-0.03
2130011,9.83,1.58,-0.08,-0.14,-0.01,-0.03
2130025,9.84,1.61,-0.07,-0.12,-0.0,-0.03
2130038,9.85,1.6,-0.08,-0.11,0.01,-0.03
2130052,9.83,1.57,-0.1,-0.11,0.01,-0.03
2130066,9.84,1.56,-0.11,-0.11,0.02,-0.02
2130079,9.84,1.58,-0.14,-0.11,0.02,-0.02
2130093,9.87,1.59,-0.11,-0.12,0.01,-0.02
2130107,9.86,1.59,-0.13,-0.12,0.01,-0.02
2130120,9.85,1.6,-0.16,-0.11,0.0,-0.02
2130134,9.85,1.62,-0.15,-0.11,0.0,-0.03
2130148,9.85,1.61,-0.15,-0.1,0.01,-0.02
2130161,9.85,1.59,-0.19,-0.1,0.01,-0.02
2130175,9.82,1.6,-0.14,-0.1,0.01,-0.02
2130189,9.87,1.6,-0.15,-0.1,0.0,-0.02
2130202,9.86,1.59,-0.13,-0.1,0.0,-0.02
2130216,9.88,1.58,-0.12,-0.1,-0.0,-0.02
2130230,9.85,1.54,-0.11,-0.1,-0.0,-0.02
2130243,9.79,1.55,-0.13,-0.11,0.0,-0.03
2130257,9.83,1.55,-0.08,-0.11,0.0,-0.03
2130271,9.88,1.53,-0.07,-0.11,0.0,-0.03
2130284,9.87,1.54,-0.06,-0.1,0.0,-0.02
2130298,9.84,1.51,-0.09,-0.1,0.01,-0.01
2130312,9.84,1.53,-0.09,-0.09,0.02,-0.01
2130325,9.85,1.53,-0.1,-0.1,0.02,-0.01
2130339,9.84,1.55,-0.11,-0.11,0.02,-0.01
2130353,9.85,1.56,-0.12,-0.12,0.01,-0.01
2130367,9.85,1.62,-0.12,-0.12,0.01,-0.02
