miliseg,AcX,AcY,AcZ,GyX,GyY,GyZ
1719441,0.02,0.44,-9.36,5.02,-1.23,0.7
1719455,-0.18,-3.37,-10.5,3.3,-0.7,0.49
1719468,0.4,-6.05,-10.76,0.37,-0.06,0.15
1719482,0.56,-5.26,-10.48,-2.94,0.58,-0.26
1719496,0.77,-2.64,-9.29,-5.47,1.11,-0.53
1719510,0.94,1.01,-7.61,-6.85,1.43,-0.67
1719523,1.11,4.62,-6.54,-6.68,1.45,-0.7
1719537,1.52,7.53,-6.12,-5.44,1.21,-0.61
1719551,2.31,9.56,-5.77,-3.34,0.65,-0.39
1719564,2.77,10.63,-5.8,-0.78,-0.12,-0.08
1719578,2.63,10.07,-5.9,1.66,-0.83,0.21
1719592,1.87,8.38,-6.19,3.89,-1.38,0.49
1719605,1.34,6.18,-6.4,5.59,-1.69,0.71
1719619,0.87,4.3,-6.76,6.62,-1.81,0.83
1719633,0.18,1.91,-7.64,7.0,-1.78,0.82
1719646,-0.44,-1.44,-8.89,6.25,-1.51,0.66
1719660,-0.62,-4.53,-10.16,4.43,-1.06,0.41
1719674,-0.38,-6.7,-11.01,1.45,-0.4,0.11
1719687,-0.29,-6.61,-10.89,-2.02,0.39,-0.22
1719701,-0.19,-4.8,-9.95,-4.92,1.16,-0.53
1719715,0.09,-1.53,-8.46,-6.93,1.84,-0.72
1719728,0.46,1.73,-7.01,-7.69,2.25,-0.78
1719742,0.91,4.49,-6.0,-7.36,2.29,-0.79
1719756,1.56,6.87,-5.18,-6.27,2.02,-0.77
1719769,2.16,8.63,-4.89,-4.65,1.47,-0.7
1719783,2.42,9.54,-4.98,-2.95,0.88,-0.57
1719797,2.48,9.8,-5.19,-1.11,0.29,-0.34
1719810,2.47,9.65,-5.69,0.74,-0.21,-0.02
1719824,2.36,9.48,-6.18,2.39,-0.57,0.34
1719838,1.95,8.29,-6.44,4.01,-0.87,0.67
1719851,1.5,7.01,-6.72,5.48,-1.03,0.85
1719865,1.17,5.55,-7.08,6.57,-1.01,0.98
1719879,0.79,3.43,-7.55,7.34,-0.9,1.05
1719892,0.63,0.72,-7.99,7.6,-0.84,1.03
1719906,0.65,-1.89,-8.42,7.27,-0.88,0.97
1719920,0.69,-4.03,-8.82,6.36,-1.01,0.9
1719933,0.54,-5.58,-9.43,4.86,-1.17,0.8
1719947,0.19,-6.67,-10.41,2.81,-1.11,0.64
1719960,0.32,-8.39,-10.62,-0.12,-0.73,0.39
1719973,0.63,-7.41,-10.01,-3.4,-0.14,-0.02
1719987,0.55,-4.81,-9.14,-6.06,0.51,-0.35
1720001,0.34,-1.62,-8.09,-7.94,1.26,-0.59
1720015,0.75,1.62,-6.84,-8.61,1.85,-0.71
1720028,1.12,4.4,-5.93,-8.4,2.1,-0.79
1720042,1.59,6.79,-5.44,-7.33,2.04,-0.83
1720056,2.04,8.89,-5.37,-5.56,1.72,-0.83
1720070,2.69,10.52,-5.64,-3.21,1.17,-0.71
1720083,3.22,11.1,-6.03,-0.8,0.52,-0.42
1720097,2.95,10.07,-6.52,1.65,-0.24,-0.03
1720111,2.34,8.43,-6.87,3.81,-0.88,0.32
1720124,1.73,6.33,-7.1,5.38,-1.28,0.56
1720138,1.31,3.93,-7.38,6.54,-1.59,0.7
1720152,0.96,1.55,-7.84,7.08,-1.8,0.78
1720165,0.71,-0.65,-8.21,7.04,-1.95,0.81
1720179,0.29,-2.86,-8.63,6.41,-2.09,0.82
1720193,-0.53,-4.95,-9.51,4.97,-2.01,0.74
1720206,-0.92,-7.13,-10.19,2.76,-1.59,0.57
1720220,-0.91,-7.82,-10.38,-0.11,-0.86,0.28
1720234,-1.14,-6.75,-10.01,-3.13,0.06,-0.06
1720248,-0.96,-4.72,-9.09,-5.45,0.94,-0.32
1720261,-0.62,-2.13,-7.71,-7.16,1.76,-0.51
1720275,-0.08,0.72,-6.54,-7.86,2.36,-0.62
1720289,0.89,3.65,-5.51,-7.72,2.56,-0.62
1720302,1.11,6.01,-5.24,-6.76,2.45,-0.63
1720316,1.45,7.94,-5.41,-5.16,2.16,-0.67
1720330,1.93,9.05,-5.85,-3.29,1.83,-0.66
1720343,3.03,9.81,-6.37,-1.05,1.36,-0.4
1720357,3.05,8.96,-6.89,0.91,0.74,-0.0
1720371,2.71,7.34,-7.11,2.44,0.19,0.36
1720384,2.31,6.11,-7.41,3.87,-0.3,0.69
1720398,2.06,4.81,-7.59,5.06,-0.7,0.94
1720412,1.79,3.28,-7.73,5.91,-1.0,1.08
1720425,1.52,1.22,-7.96,6.38,-1.26,1.2
1720439,1.3,-0.78,-8.38,6.26,-1.42,1.31
1720453,1.15,-2.38,-8.76,5.62,-1.48,1.36
1720466,1.07,-3.6,-9.09,4.47,-1.5,1.33
1720480,0.78,-4.45,-9.44,2.89,-1.44,1.16
1720494,0.64,-4.7,-9.71,1.17,-1.21,0.9
1720507,0.35,-4.52,-9.95,-0.97,-0.75,0.54
1720521,0.16,-3.77,-10.04,-3.1,-0.1,0.13
1720535,0.16,-2.22,-9.8,-4.81,0.63,-0.22
1720548,0.16,-0.5,-9.32,-6.2,1.42,-0.57
1720562,0.72,1.21,-8.16,-7.04,2.08,-0.84
1720576,1.25,3.34,-7.23,-7.17,2.39,-1.01
1720589,1.44,5.71,-6.89,-6.52,2.46,-1.14
1720603,1.8,7.47,-6.82,-5.17,2.3,-1.24
1720617,2.59,8.78,-7.04,-3.32,2.06,-1.18
1720631,3.63,9.78,-7.41,-1.38,1.66,-0.82
1720645,3.77,9.09,-7.48,0.49,1.05,-0.3
1720658,3.55,7.68,-7.32,2.18,0.41,0.23
1720672,3.12,6.69,-7.17,3.53,-0.12,0.71
1720686,2.6,5.24,-7.15,4.65,-0.55,1.15
1720699,2.21,3.51,-7.3,5.33,-0.87,1.43
1720713,1.97,1.79,-7.61,5.55,-1.09,1.55
1720727,2.01,0.09,-8.09,5.27,-1.27,1.54
1720740,2.09,-1.43,-8.46,4.43,-1.46,1.42
1720754,2.1,-2.45,-8.67,3.21,-1.66,1.18
1720768,1.76,-3.08,-9.15,1.55,-1.77,0.78
1720781,1.21,-3.11,-9.63,-0.37,-1.6,0.31
1720795,0.83,-2.42,-9.65,-2.07,-1.18,-0.11
1720809,0.4,-1.35,-9.27,-3.71,-0.52,-0.53
1720822,0.21,-0.39,-8.52,-5.03,0.27,-0.89
1720836,0.16,1.23,-7.87,-5.71,0.99,-1.16
1720850,0.44,3.24,-7.23,-5.75,1.59,-1.32
1720863,0.72,5.1,-6.93,-5.09,1.9,-1.41
1720877,1.07,6.22,-6.97,-3.95,2.08,-1.39
1720891,2.28,7.56,-7.3,-2.25,2.14,-1.03
1720904,2.92,8.1,-7.74,-0.48,1.9,-0.41
1720918,2.96,7.19,-7.76,1.06,1.53,0.2
1720932,2.79,5.85,-7.63,2.5,1.09,0.75
1720945,2.6,4.76,-7.64,3.63,0.66,1.17
1720959,2.57,3.35,-7.79,4.26,0.3,1.44
1720973,2.78,1.74,-8.14,4.45,-0.06,1.68
1720986,3.06,0.25,-8.55,4.04,-0.49,1.84
1721000,3.3,-0.97,-8.78,3.23,-1.05,1.81
1721014,3.29,-1.9,-8.97,2.04,-1.71,1.58
1721027,3.07,-1.82,-9.2,0.73,-2.24,1.2
1721041,2.43,-1.16,-9.42,-0.52,-2.45,0.79
1721055,1.64,-0.54,-9.56,-1.86,-2.24,0.29
1721068,0.5,-0.06,-9.79,-3.23,-1.5,-0.22
1721082,0.03,0.17,-9.56,-4.44,-0.46,-0.64
1721096,-0.13,1.54,-8.62,-5.39,0.71,-1.02
1721109,0.2,3.18,-7.52,-5.72,1.64,-1.29
1721123,0.6,5.07,-6.81,-5.34,2.16,-1.46
1721137,1.0,6.62,-6.5,-4.32,2.45,-1.56
1721151,2.14,7.88,-6.51,-2.75,2.55,-1.39
1721164,3.74,9.45,-6.62,-0.89,2.31,-0.78
1721178,3.95,9.68,-6.76,1.11,1.68,0.08
1721192,3.55,7.97,-6.48,2.94,0.9,0.83
1721205,2.87,6.03,-6.49,4.23,0.21,1.26
1721219,2.64,4.03,-6.75,5.06,-0.44,1.51
1721233,2.65,2.08,-7.34,5.19,-1.06,1.55
1721246,2.7,0.33,-8.02,4.74,-1.54,1.4
1721260,2.64,-1.07,-8.94,3.64,-1.91,1.04
1721274,2.03,-2.38,-10.03,1.84,-1.94,0.5
1721287,1.62,-3.33,-10.64,-0.36,-1.54,-0.08
1721301,0.95,-3.0,-10.63,-2.93,-0.72,-0.74
1721315,0.68,-1.52,-9.49,-5.14,0.29,-1.34
1721328,0.54,1.18,-8.15,-6.2,1.11,-1.79
1721342,0.67,4.15,-7.15,-6.2,1.75,-2.05
1721356,2.04,7.09,-6.65,-5.05,2.05,-1.78
1721369,3.15,9.3,-6.65,-3.35,1.9,-1.16
1721383,3.98,10.51,-6.5,-1.05,1.29,-0.24
1721397,3.48,10.02,-6.45,1.43,0.42,0.62
1721410,2.75,8.47,-6.25,3.54,-0.25,1.21
1721424,2.11,5.95,-6.35,5.14,-0.66,1.66
1721438,1.85,3.52,-6.85,5.89,-0.83,1.92
1721451,2.01,1.3,-7.7,5.79,-0.97,1.96
1721465,2.36,-1.0,-8.64,4.9,-1.22,1.73
1721479,2.69,-2.67,-9.41,3.43,-1.53,1.31
1721492,2.69,-3.38,-10.06,1.4,-1.83,0.73
1721506,2.25,-2.91,-10.32,-0.8,-1.86,0.12
1721520,1.47,-1.7,-10.26,-2.66,-1.56,-0.39
1721533,0.42,-1.23,-9.58,-4.59,-0.79,-0.93
1721547,0.01,0.74,-8.42,-5.78,0.14,-1.39
1721560,-0.1,3.01,-7.48,-6.16,0.95,-1.64
1721573,0.11,5.0,-6.74,-5.77,1.55,-1.75
1721587,0.58,6.51,-6.16,-4.69,1.88,-1.77
1721601,1.18,7.55,-6.09,-3.29,2.03,-1.66
1721614,2.71,9.08,-6.34,-1.4,1.99,-1.09
1721628,3.1,9.72,-6.8,0.55,1.65,-0.25
1721642,2.94,8.36,-6.91,2.36,1.23,0.56
1721656,2.52,6.62,-6.96,3.82,0.82,1.2
1721670,2.31,4.9,-7.2,4.68,0.5,1.59
1721683,2.43,2.84,-7.63,5.0,0.14,1.84
1721697,2.59,0.77,-8.25,4.62,-0.33,1.85
1721711,2.96,-0.83,-8.77,3.74,-0.86,1.64
1721724,3.12,-1.88,-9.33,2.35,-1.44,1.24
1721738,2.79,-2.14,-9.74,0.68,-1.83,0.75
1721752,2.11,-1.59,-9.96,-0.9,-1.83,0.26
1721765,1.33,-0.72,-9.87,-2.46,-1.45,-0.23
1721779,0.67,-0.17,-9.33,-3.88,-0.71,-0.68
1721793,0.48,1.17,-8.4,-4.73,0.06,-1.04
1721806,0.62,3.34,-7.26,-4.91,0.76,-1.29
1721820,1.28,5.92,-6.37,-4.05,1.07,-1.36
1721834,2.4,8.77,-6.29,-2.23,1.05,-1.02
1721847,3.14,10.57,-6.52,0.25,0.73,-0.3
1721861,2.89,10.16,-6.75,2.92,0.29,0.47
1721875,2.03,7.0,-7.01,4.7,0.08,1.04
1721888,1.24,3.42,-7.46,5.7,0.1,1.38
1721902,1.09,0.55,-7.93,5.71,0.23,1.46
1721916,1.44,-1.49,-8.48,5.06,0.27,1.38
1721929,2.03,-2.82,-9.12,3.91,0.06,1.17
1721943,2.29,-3.72,-9.7,2.41,-0.35,0.83
1721957,2.4,-4.25,-9.88,0.77,-0.69,0.45
1721970,2.15,-4.1,-9.92,-1.17,-0.87,0.03
1721984,1.57,-3.38,-9.93,-3.14,-0.76,-0.41
1721998,1.22,-2.44,-9.53,-4.76,-0.38,-0.79
1722012,1.0,-0.13,-8.69,-5.85,0.15,-1.1
1722025,1.01,2.45,-7.73,-6.1,0.66,-1.24
1722039,1.19,4.58,-6.95,-5.61,0.98,-1.26
1722053,1.62,6.27,-6.5,-4.49,1.15,-1.15
1722066,2.58,7.84,-6.34,-2.94,1.08,-0.81
1722080,3.07,9.01,-6.59,-0.98,0.78,-0.25
1722094,3.19,8.92,-6.66,1.14,0.32,0.36
1722107,2.77,8.37,-6.9,3.12,-0.09,0.87
1722121,2.16,6.24,-7.18,4.79,-0.31,1.3
1722135,1.71,3.81,-7.69,5.78,-0.29,1.57
1722148,1.79,1.51,-8.2,6.01,-0.24,1.69
1722162,1.98,-0.97,-9.07,5.59,-0.35,1.64
1722176,2.39,-3.15,-9.8,4.61,-0.6,1.51
1722189,2.49,-4.37,-9.96,3.29,-1.02,1.32
1722203,2.33,-4.76,-9.93,1.7,-1.48,1.03
1722217,1.97,-4.41,-9.71,0.06,-1.8,0.69
1722231,1.25,-3.85,-9.64,-1.64,-1.82,0.29
1722244,0.35,-3.57,-9.62,-3.53,-1.39,-0.16
1722258,0.09,-2.9,-9.03,-5.24,-0.6,-0.53
1722271,-0.04,-0.51,-8.19,-6.39,0.32,-0.81
1722284,-0.04,2.05,-7.06,-6.89,1.24,-1.0
1722298,0.24,4.36,-6.27,-6.49,1.86,-1.09
1722312,1.06,6.62,-5.67,-5.25,2.18,-1.09
1722326,2.77,9.41,-5.54,-3.02,2.09,-0.7
1722339,3.96,11.63,-5.86,-0.36,1.53,0.01
1722353,3.7,11.45,-6.3,2.58,0.69,0.82
1722367,2.57,8.03,-6.54,4.95,0.07,1.38
1722381,1.75,4.25,-7.04,6.33,-0.31,1.64
1722394,1.58,1.15,-7.65,6.58,-0.57,1.76
1722408,1.72,-1.87,-8.44,5.9,-0.99,1.76
1722422,1.92,-4.18,-9.11,4.5,-1.49,1.55
1722435,2.03,-5.06,-9.57,2.81,-1.93,1.21
1722449,1.48,-4.97,-10.0,0.72,-2.15,0.75
1722463,0.82,-4.18,-10.22,-1.38,-1.97,0.29
1722476,-0.03,-3.46,-10.33,-3.28,-1.36,-0.12
1722490,-0.35,-2.65,-9.69,-5.09,-0.33,-0.54
1722504,-0.41,-0.54,-8.43,-6.29,0.74,-0.91
1722517,-0.14,1.75,-6.92,-6.68,1.54,-1.15
1722531,0.25,4.16,-5.81,-6.35,2.08,-1.31
1722545,0.78,6.26,-5.41,-5.32,2.33,-1.38
1722558,2.03,8.19,-5.65,-3.67,2.4,-1.11
1722572,3.51,10.44,-6.31,-1.36,2.09,-0.41
1722586,3.59,10.44,-6.82,1.04,1.5,0.37
1722599,3.04,8.67,-6.92,3.16,0.94,0.93
1722613,2.44,6.15,-7.07,4.88,0.52,1.31
1722627,2.38,3.7,-7.51,5.86,0.25,1.53
1722641,2.61,1.47,-7.96,6.1,-0.05,1.66
1722654,2.8,-0.84,-8.6,5.7,-0.56,1.71
1722668,2.97,-3.03,-9.21,4.66,-1.22,1.63
1722682,2.98,-4.28,-9.59,3.26,-1.88,1.43
1722695,2.46,-5.08,-9.76,1.24,-2.34,1.02
1722709,1.81,-5.12,-9.86,-1.12,-2.38,0.45
1722723,1.05,-3.77,-9.95,-3.22,-2.0,-0.08
1722736,0.06,-2.16,-9.97,-5.25,-1.06,-0.58
1722750,-0.09,-0.37,-8.94,-6.59,0.14,-0.96
1722764,-0.04,2.15,-7.51,-6.98,1.12,-1.2
1722777,0.41,4.7,-6.2,-6.5,1.81,-1.29
1722791,1.63,7.57,-5.73,-4.95,2.04,-1.06
1722805,2.67,10.13,-6.17,-2.79,1.84,-0.51
1722818,3.13,10.97,-6.62,0.03,1.33,0.15
1722832,2.81,9.73,-6.85,2.7,0.79,0.71
1722846,2.27,7.06,-6.78,4.53,0.48,1.07
1722859,1.91,4.17,-7.21,5.66,0.3,1.33
1722873,2.04,1.47,-7.79,5.91,0.07,1.42
1722887,2.28,-1.03,-8.45,5.41,-0.32,1.39
1722900,2.36,-3.4,-9.28,4.05,-0.87,1.14
1722914,2.45,-5.05,-9.88,1.95,-1.34,0.69
1722928,2.25,-5.16,-10.02,-0.4,-1.48,0.16
1722941,1.7,-4.02,-9.8,-2.93,-1.24,-0.4
1722955,1.21,-2.01,-9.0,-4.97,-0.71,-0.88
1722969,0.79,0.53,-8.06,-6.06,-0.15,-1.2
1722982,0.63,3.39,-7.33,-6.21,0.39,-1.36
1722996,0.64,5.66,-6.87,-5.39,0.77,-1.38
1723010,0.89,6.99,-6.59,-4.05,0.96,-1.37
1723023,1.55,7.67,-6.62,-2.31,1.08,-1.23
1723037,2.42,8.09,-7.0,-0.55,1.08,-0.76
1723051,2.49,7.52,-7.3,0.82,0.95,-0.21
1723064,2.21,6.21,-7.47,2.07,0.8,0.31
1723078,2.02,5.31,-7.8,3.18,0.68,0.67
1723092,2.11,4.22,-8.14,3.91,0.57,0.89
1723105,2.26,2.43,-8.57,4.2,0.39,0.99
1723119,2.41,0.08,-9.16,3.73,0.09,0.89
1723133,2.67,-1.87,-9.54,2.61,-0.27,0.66
1723147,2.99,-2.82,-9.69,0.85,-0.66,0.35
1723160,2.88,-2.44,-9.43,-1.11,-0.95,0.01
1723174,2.33,-1.02,-9.09,-2.71,-1.09,-0.28
1723188,1.91,1.01,-8.58,-3.79,-1.08,-0.49
1723201,1.53,3.07,-7.98,-4.07,-0.96,-0.55
1723215,1.25,4.69,-7.29,-3.72,-0.75,-0.52
1723229,1.23,5.87,-6.59,-2.86,-0.58,-0.4
1723242,1.16,6.64,-6.31,-1.8,-0.46,-0.26
1723256,0.96,7.02,-6.43,-0.49,-0.32,-0.11
1723270,1.28,7.53,-6.73,1.15,-0.24,0.05
1723283,1.32,7.71,-7.27,2.85,-0.1,0.27
1723297,1.25,6.33,-7.76,4.43,0.13,0.58
1723311,1.16,3.83,-8.21,5.31,0.43,0.85
1723324,1.17,1.14,-8.65,5.35,0.6,1.01
1723338,1.39,-1.41,-9.1,4.61,0.53,1.03
1723352,1.85,-3.03,-9.58,3.31,0.16,0.9
1723365,2.22,-3.53,-9.93,1.87,-0.3,0.72
1723379,2.29,-3.26,-10.15,0.21,-0.73,0.47
1723393,1.88,-2.63,-10.33,-1.52,-0.95,0.19
1723406,1.28,-2.45,-10.48,-3.27,-0.79,-0.14
1723420,0.85,-2.23,-10.01,-5.28,-0.21,-0.52
1723434,0.73,0.11,-8.73,-6.65,0.55,-0.87
1723447,0.72,3.13,-7.38,-7.01,1.16,-1.05
1723461,1.44,6.09,-5.72,-6.29,1.44,-1.08
1723475,2.03,9.54,-5.15,-4.34,1.18,-1.04
1723488,2.23,10.86,-5.47,-2.0,0.86,-0.95
1723502,2.9,10.83,-5.97,0.86,0.57,-0.64
1723516,2.83,9.89,-6.64,3.39,0.33,-0.08
1723529,2.16,7.27,-6.98,4.97,0.19,0.47
1723543,1.6,4.32,-7.45,5.95,0.15,0.94
1723557,1.44,1.76,-7.96,6.2,0.19,1.24
1723570,1.51,-0.61,-8.41,5.75,0.16,1.28
1723584,1.65,-3.29,-9.21,4.45,-0.12,1.04
1723598,1.98,-5.71,-9.91,2.19,-0.47,0.57
1723611,2.46,-5.77,-10.2,-0.31,-0.72,0.07
1723625,1.78,-3.97,-10.49,-2.98,-0.71,-0.46
1723639,1.63,-1.82,-9.77,-4.91,-0.42,-0.87
1723653,1.36,1.02,-8.8,-5.76,-0.04,-1.11
1723666,1.21,3.45,-7.71,-5.82,0.33,-1.18
1723680,1.24,5.19,-6.48,-5.14,0.53,-1.15
1723694,1.77,6.97,-5.45,-3.88,0.43,-1.05
1723707,1.79,8.45,-5.41,-2.09,0.17,-0.89
1723721,1.7,8.96,-6.08,0.08,-0.0,-0.65
1723735,1.71,8.78,-6.91,2.25,0.06,-0.3
1723748,1.64,7.24,-7.45,4.16,0.27,0.22
1723762,1.36,4.75,-7.59,5.35,0.51,0.77
1723776,1.52,2.67,-7.91,5.82,0.56,1.24
1723789,1.72,0.19,-8.48,5.65,0.3,1.51
1723803,1.89,-2.32,-9.03,4.85,-0.21,1.48
1723817,2.11,-3.85,-9.59,3.56,-0.84,1.25
1723831,2.01,-4.12,-10.05,2.09,-1.34,0.96
1723844,1.22,-4.23,-10.66,0.19,-1.5,0.59
1723858,0.61,-4.96,-10.89,-2.2,-1.09,0.15
1723872,0.38,-4.78,-10.29,-4.58,-0.33,-0.3
1723885,0.48,-2.48,-8.73,-6.78,0.53,-0.72
1723899,0.75,1.16,-6.96,-7.89,1.16,-1.01
1723913,1.03,4.7,-5.83,-7.79,1.47,-1.14
1723926,1.31,7.91,-5.34,-6.64,1.55,-1.16
1723940,1.72,9.85,-5.19,-4.75,1.44,-1.12
1723954,2.21,10.73,-5.32,-2.66,1.24,-1.0
1723968,2.44,10.8,-5.86,-0.32,0.99,-0.77
1723981,2.59,10.14,-6.47,1.98,0.81,-0.37
1723995,2.57,8.98,-6.91,3.91,0.69,0.12
1724009,2.22,7.11,-7.15,5.48,0.61,0.66
1724022,2.1,4.43,-7.48,6.41,0.51,1.12
1724036,2.07,1.87,-7.96,6.65,0.31,1.44
1724050,2.05,-0.87,-8.51,6.23,-0.04,1.57
1724063,2.2,-3.01,-9.06,5.34,-0.46,1.53
1724077,1.91,-4.37,-9.53,4.12,-0.84,1.38
1724091,1.6,-5.16,-9.7,2.51,-1.16,1.12
1724104,1.1,-5.25,-10.05,0.66,-1.28,0.75
1724118,0.54,-6.0,-10.39,-1.61,-1.0,0.25
1724132,0.73,-5.87,-9.98,-4.16,-0.35,-0.35
1724145,0.95,-3.11,-8.81,-6.33,0.4,-0.88
1724159,1.11,0.26,-7.47,-7.49,0.94,-1.23
1724173,1.31,3.88,-6.23,-7.6,1.25,-1.42
1724186,1.5,7.16,-5.53,-6.6,1.27,-1.47
1724200,1.87,9.23,-5.27,-4.89,1.06,-1.42
1724214,2.69,10.55,-5.43,-2.58,0.78,-1.15
1724227,3.59,11.15,-5.77,0.01,0.33,-0.54
1724241,3.53,10.53,-5.96,2.28,-0.27,0.17
1724255,2.73,8.56,-6.18,4.38,-0.95,0.83
1724268,1.9,5.73,-6.61,5.89,-1.42,1.27
1724282,1.55,3.47,-7.15,6.71,-1.72,1.44
1724296,1.12,0.82,-7.9,6.92,-1.93,1.39
1724309,0.6,-2.05,-8.93,6.25,-1.96,1.1
1724323,0.17,-5.06,-9.98,4.57,-1.75,0.71
1724337,0.06,-7.36,-10.68,1.78,-1.31,0.27
1724350,0.1,-7.67,-10.46,-1.55,-0.69,-0.19
1724364,-0.06,-5.69,-9.62,-4.37,-0.04,-0.59
1724378,-0.14,-2.82,-8.07,-6.59,0.62,-0.86
1724392,0.07,0.43,-6.7,-7.56,1.06,-0.98
1724406,0.35,3.92,-5.74,-7.28,1.2,-0.99
1724419,0.91,6.95,-5.19,-6.0,1.03,-0.87
1724433,1.22,9.02,-5.23,-4.14,0.65,-0.68
1724447,1.19,9.8,-5.65,-1.73,0.29,-0.44
1724460,1.26,9.13,-5.98,0.63,0.09,-0.13
1724474,1.4,8.18,-6.49,2.63,-0.0,0.22
1724488,1.24,6.6,-6.95,4.2,0.01,0.65
1724501,1.09,4.68,-7.27,5.16,0.04,0.97
1724515,1.24,2.94,-7.83,5.74,0.01,1.2
1724529,1.44,0.95,-8.63,5.76,-0.15,1.27
1724542,1.56,-1.29,-9.39,5.25,-0.43,1.17
1724556,1.61,-3.57,-9.83,4.04,-0.78,0.98
1724570,1.54,-4.73,-9.86,2.29,-1.17,0.76
1724583,0.97,-4.62,-9.93,0.44,-1.42,0.5
1724597,-0.12,-4.92,-10.09,-1.98,-1.24,0.14
1724611,-0.65,-5.43,-9.81,-4.68,-0.55,-0.28
1724624,-0.62,-3.83,-8.94,-6.88,0.3,-0.64
1724638,-0.42,-0.25,-7.41,-8.23,1.13,-0.92
1724652,-0.0,3.65,-5.93,-8.29,1.65,-1.01
1724665,0.61,6.87,-5.05,-7.31,1.75,-0.96
1724679,1.4,9.64,-4.65,-5.32,1.45,-0.84
1724692,1.88,11.41,-4.81,-2.85,1.0,-0.68
1724705,2.39,12.3,-5.35,-0.06,0.51,-0.42
1724719,2.88,12.19,-5.96,3.1,0.09,0.11
1724733,2.1,9.58,-6.26,5.43,-0.24,0.74
1724747,1.22,6.12,-6.47,6.75,-0.41,1.13
1724760,0.95,3.13,-7.23,7.28,-0.5,1.35
1724774,1.03,0.47,-8.13,6.96,-0.62,1.37
1724788,1.08,-1.9,-9.11,6.02,-0.8,1.19
1724801,1.14,-4.2,-9.95,4.23,-0.94,0.88
1724815,1.19,-5.29,-10.37,1.9,-0.98,0.56
1724829,0.81,-5.12,-10.51,-0.55,-0.85,0.25
1724842,0.12,-4.05,-10.52,-3.04,-0.47,-0.08
1724856,0.01,-2.83,-9.79,-5.15,0.13,-0.35
1724870,0.21,-0.24,-8.75,-6.23,0.66,-0.53
1724883,0.45,2.54,-7.68,-6.51,1.05,-0.65
1724897,0.85,4.98,-6.72,-5.91,1.18,-0.7
1724911,1.17,6.9,-6.41,-4.79,1.09,-0.68
1724924,1.37,8.14,-6.45,-3.17,0.89,-0.63
1724938,1.63,8.68,-6.77,-1.31,0.67,-0.5
1724952,1.93,8.6,-7.23,0.45,0.51,-0.24
1724965,2.09,7.86,-7.73,2.13,0.36,0.19
1724979,1.89,6.7,-8.11,3.51,0.19,0.64
1724993,1.7,5.24,-8.68,4.49,0.0,0.98
1725006,1.61,3.19,-9.2,5.08,-0.27,1.15
1725020,1.53,0.69,-9.64,5.01,-0.63,1.13
1725034,1.47,-1.36,-10.1,4.37,-0.96,0.99
1725047,1.4,-2.8,-10.57,3.15,-1.2,0.76
1725061,1.01,-3.55,-10.82,1.48,-1.19,0.5
1725075,0.72,-3.9,-10.69,-0.39,-0.91,0.23
1725088,0.3,-3.16,-10.27,-2.46,-0.44,-0.1
1725102,0.25,-1.91,-9.28,-4.27,0.12,-0.42
1725116,0.2,0.16,-8.26,-5.38,0.6,-0.7
1725129,0.28,2.44,-7.09,-5.87,1.01,-0.93
1725143,0.6,4.78,-6.16,-5.58,1.23,-1.09
1725157,0.88,6.79,-5.79,-4.74,1.27,-1.11
1725170,1.52,8.55,-5.71,-3.26,1.16,-0.92
1725184,2.25,10.0,-5.95,-1.3,0.86,-0.47
1725198,2.16,9.74,-6.23,0.57,0.46,0.03
1725211,1.87,8.05,-6.36,2.37,0.07,0.51
1725225,1.4,6.62,-6.67,3.77,-0.17,0.89
1725239,1.17,5.17,-7.15,4.64,-0.22,1.16
1725253,1.23,3.69,-7.7,5.18,-0.26,1.35
1725266,1.16,1.76,-8.22,5.24,-0.28,1.38
1725280,1.27,0.05,-8.57,4.91,-0.31,1.31
1725294,1.41,-1.39,-9.0,4.18,-0.39,1.17
1725307,1.61,-2.28,-9.35,3.17,-0.55,1.06
1725321,1.65,-2.68,-9.43,2.12,-0.81,0.97
1725335,1.49,-2.55,-9.43,1.02,-1.19,0.83
1725348,1.15,-2.24,-9.18,-0.01,-1.51,0.62
1725362,0.7,-1.97,-8.91,-0.98,-1.6,0.37
1725376,-0.33,-2.44,-9.22,-2.46,-1.25,0.02
1725389,-0.69,-3.24,-8.97,-4.4,-0.47,-0.41
1725403,-0.73,-1.9,-8.23,-6.08,0.37,-0.77
1725417,-0.56,0.8,-6.97,-7.27,1.18,-1.05
1725430,-0.11,3.75,-5.76,-7.39,1.7,-1.17
1725444,0.25,6.36,-5.31,-6.56,1.89,-1.23
1725458,0.66,8.27,-5.37,-4.95,1.9,-1.23
1725471,1.37,9.39,-5.61,-2.94,1.76,-1.13
1725485,2.18,10.09,-6.03,-0.9,1.53,-0.79
1725499,2.69,10.14,-6.57,1.22,1.1,-0.12
1725512,2.43,8.67,-6.75,3.05,0.56,0.6
1725526,2.21,7.11,-6.86,4.45,0.08,1.17
1725540,2.16,5.33,-7.23,5.5,-0.41,1.65
1725553,1.97,3.16,-7.88,5.93,-0.88,1.87
1725567,1.66,0.76,-8.38,5.66,-1.26,1.82
1725581,1.5,-1.58,-8.82,4.65,-1.62,1.52
1725594,1.22,-3.0,-9.61,2.92,-1.8,1.05
1725608,0.84,-3.93,-10.36,0.74,-1.6,0.52
1725622,0.16,-4.14,-10.77,-2.01,-0.93,-0.11
1725635,0.11,-3.47,-9.98,-4.81,0.03,-0.7
1725649,0.42,-0.75,-8.13,-6.68,0.81,-1.15
1725662,0.23,2.46,-6.58,-7.54,1.31,-1.45
1725675,0.32,5.97,-5.68,-7.16,1.57,-1.61
1725689,0.99,8.58,-5.37,-5.85,1.52,-1.59
1725703,1.86,10.53,-5.56,-3.63,1.22,-1.3
1725717,2.54,11.07,-5.82,-1.09,0.74,-0.8
1725731,2.27,9.88,-5.97,1.25,0.17,-0.22
1725744,1.71,8.41,-6.02,3.11,-0.32,0.3
1725758,0.74,6.87,-6.51,4.7,-0.65,0.78
1725772,0.37,4.84,-7.19,5.75,-0.69,1.14
1725785,0.23,2.73,-7.92,6.12,-0.57,1.32
1725799,0.43,0.44,-8.76,5.81,-0.48,1.3
1725813,0.94,-1.56,-9.59,4.8,-0.47,1.19
1725826,1.41,-2.79,-10.2,3.34,-0.58,0.99
1725840,1.63,-3.46,-10.42,1.47,-0.76,0.65
1725854,1.32,-3.17,-10.41,-0.54,-0.87,0.27
1725867,0.68,-2.49,-10.37,-2.44,-0.73,-0.1
1725881,0.26,-1.45,-9.8,-4.27,-0.28,-0.47
1725895,-0.11,-0.03,-8.75,-5.76,0.38,-0.81
1725908,-0.21,1.47,-7.39,-6.7,1.03,-1.08
1725922,0.18,3.76,-5.76,-7.02,1.56,-1.26
1725936,0.39,6.4,-4.84,-6.58,1.79,-1.33
1725949,0.76,8.38,-4.41,-5.38,1.76,-1.31
1725963,1.39,10.3,-4.35,-3.4,1.54,-1.18
1725977,2.39,11.64,-4.68,-0.92,1.2,-0.76
1725991,2.63,11.46,-5.14,1.33,0.77,-0.14
1726004,1.95,9.58,-5.5,3.4,0.31,0.47
1726018,1.32,7.31,-5.81,4.96,0.02,0.93
1726032,1.04,5.67,-6.28,5.92,-0.14,1.23
1726045,1.04,3.69,-6.95,6.33,-0.22,1.41
1726059,1.32,1.54,-7.99,6.14,-0.37,1.43
1726073,1.67,-0.52,-9.09,5.4,-0.56,1.32
1726086,1.89,-2.58,-9.87,3.99,-0.84,1.06
1726100,1.89,-3.77,-10.21,2.12,-1.12,0.71
1726114,1.46,-3.45,-10.45,0.19,-1.24,0.36
1726127,0.8,-2.3,-10.51,-1.72,-1.04,-0.0
1726141,-0.03,-1.34,-10.54,-3.36,-0.44,-0.36
1726155,-0.3,-1.13,-9.88,-4.81,0.41,-0.65
1726168,-0.02,0.56,-8.6,-5.9,1.3,-0.96
1726182,0.57,3.04,-7.28,-6.26,1.9,-1.17
1726196,1.21,5.67,-6.19,-5.83,2.06,-1.25
1726209,1.81,8.52,-5.73,-4.35,1.84,-1.17
1726223,2.98,10.93,-5.98,-1.98,1.47,-0.77
1726237,3.77,11.99,-6.38,0.66,0.87,-0.1
1726250,3.14,10.37,-6.62,3.23,0.14,0.58
1726264,2.03,6.83,-6.87,5.0,-0.35,1.0
1726278,1.57,4.03,-7.34,5.82,-0.56,1.17
1726292,1.42,1.57,-8.24,5.87,-0.67,1.18
1726306,1.52,-0.65,-9.07,5.2,-0.81,1.04
1726319,1.66,-2.37,-9.7,3.91,-0.97,0.76
1726333,1.85,-3.28,-9.98,2.24,-1.1,0.47
1726347,1.62,-3.58,-10.23,0.1,-1.07,0.12
1726360,1.06,-2.85,-10.29,-2.08,-0.81,-0.21
1726374,0.48,-2.16,-9.98,-4.08,-0.3,-0.54
1726388,0.5,-0.8,-8.89,-5.74,0.4,-0.89
1726401,0.73,1.97,-7.63,-6.58,0.99,-1.14
1726415,1.16,4.64,-6.54,-6.47,1.28,-1.23
1726429,1.61,7.15,-5.7,-5.51,1.26,-1.23
1726442,1.88,8.97,-5.29,-3.84,0.98,-1.13
1726456,2.1,9.93,-5.37,-1.88,0.63,-0.94
1726470,2.49,9.99,-5.52,0.44,0.23,-0.55
1726483,2.28,9.54,-5.87,2.67,-0.19,0.02
1726497,1.47,7.76,-6.23,4.3,-0.43,0.51
1726511,0.74,5.43,-6.77,5.52,-0.37,0.91
1726524,0.71,3.39,-7.23,6.09,-0.11,1.24
1726538,0.87,1.47,-7.76,6.0,-0.02,1.43
1726552,1.1,-0.87,-8.72,5.24,-0.11,1.45
1726565,1.73,-2.55,-9.86,3.96,-0.34,1.36
1726579,2.09,-3.21,-10.47,2.49,-0.67,1.19
1726593,1.99,-3.21,-10.7,0.81,-1.04,0.93
1726606,1.64,-2.47,-10.54,-0.8,-1.25,0.61
1726620,0.72,-1.95,-10.49,-2.39,-1.1,0.25
1726634,0.22,-2.61,-9.83,-4.4,-0.45,-0.21
1726647,0.22,-0.32,-8.65,-5.94,0.36,-0.68
1726661,0.22,2.38,-7.51,-6.74,1.01,-0.98
1726675,0.59,4.66,-6.34,-6.79,1.51,-1.12
1726688,0.91,6.72,-5.56,-6.06,1.73,-1.18
1726702,1.25,8.1,-5.17,-4.85,1.74,-1.21
1726716,1.91,9.35,-5.0,-3.1,1.56,-1.12
1726730,2.61,10.53,-5.2,-0.98,1.25,-0.78
1726743,3.03,10.63,-5.52,1.06,0.88,-0.19
1726757,2.64,9.75,-5.72,3.15,0.37,0.47
1726771,1.74,7.33,-6.0,4.64,0.03,0.96
1726784,1.48,5.25,-6.54,5.56,-0.13,1.25
1726798,1.55,3.39,-7.42,5.95,-0.26,1.4
1726812,1.7,1.18,-8.29,5.68,-0.39,1.38
1726825,2.06,-0.76,-8.99,4.88,-0.66,1.24
1726839,2.32,-2.42,-9.34,3.44,-1.1,1.02
1726853,2.25,-3.13,-9.57,1.63,-1.53,0.75
1726867,1.66,-2.75,-9.78,-0.32,-1.73,0.45
1726880,1.04,-1.83,-9.78,-1.97,-1.58,0.13
1726894,0.12,-1.06,-9.56,-3.6,-0.99,-0.21
1726908,0.06,-0.2,-8.67,-4.96,-0.15,-0.49
1726921,0.2,1.95,-7.69,-5.62,0.55,-0.68
1726935,0.4,4.06,-6.84,-5.65,1.06,-0.8
1726949,0.73,5.98,-6.33,-4.87,1.33,-0.83
1726962,1.17,7.35,-6.19,-3.65,1.39,-0.76
1726976,2.01,8.4,-6.24,-1.94,1.3,-0.47
1726990,2.69,9.04,-6.49,-0.07,1.0,0.04
1727003,2.47,8.34,-6.84,1.51,0.63,0.53
1727017,2.14,6.95,-7.01,3.0,0.3,0.91
1727031,1.8,5.49,-7.27,4.05,0.07,1.14
1727044,1.76,4.07,-7.58,4.59,-0.14,1.25
1727058,1.81,2.32,-8.07,4.58,-0.44,1.29
1727072,2.08,0.86,-8.67,4.12,-0.77,1.26
1727086,2.13,0.16,-9.24,3.49,-1.04,1.18
1727099,1.8,-0.38,-9.73,2.69,-1.19,1.07
1727113,1.34,-0.79,-10.32,1.87,-1.21,0.94
1727127,1.11,-1.04,-10.68,1.17,-1.11,0.75
1727140,1.03,-1.26,-10.56,0.4,-1.03,0.54
1727154,0.75,-1.55,-10.35,-0.65,-0.88,0.32
1727168,0.71,-1.55,-10.12,-1.85,-0.58,0.16
1727181,0.5,-1.0,-9.88,-3.4,-0.03,0.04
1727195,0.79,0.09,-9.1,-4.85,0.63,-0.08
1727209,1.15,2.32,-8.04,-5.66,1.13,-0.22
1727222,1.46,4.86,-7.06,-5.78,1.43,-0.39
1727236,1.79,6.97,-6.37,-5.05,1.49,-0.57
1727250,2.34,8.47,-5.72,-3.7,1.26,-0.69
1727263,2.81,10.42,-5.75,-1.44,0.74,-0.65
1727277,3.22,11.41,-6.22,1.42,0.13,-0.25
1727291,2.57,10.0,-6.44,4.0,-0.44,0.21
1727304,1.68,6.45,-6.58,6.12,-0.87,0.61
1727318,1.25,3.46,-6.79,7.38,-1.11,0.85
1727332,1.16,0.83,-7.24,7.77,-1.32,0.95
1727345,0.91,-1.67,-8.4,7.37,-1.52,0.98
1727359,0.21,-5.03,-10.14,5.41,-1.45,0.91
1727373,0.62,-8.07,-11.04,2.39,-1.16,0.7
1727386,0.71,-7.53,-11.15,-1.22,-0.65,0.29
1727400,0.39,-4.97,-10.38,-4.42,0.05,-0.11
1727414,0.35,-1.89,-8.99,-6.42,0.75,-0.37
1727427,0.46,1.11,-7.58,-7.43,1.37,-0.57
1727441,0.6,3.89,-6.6,-7.29,1.75,-0.75
1727455,0.94,6.11,-6.31,-6.32,1.87,-0.85
1727468,1.36,7.86,-6.23,-4.66,1.76,-0.92
1727482,1.78,8.6,-6.36,-2.69,1.49,-0.94
1727496,2.3,8.71,-6.59,-0.79,1.18,-0.85
1727510,3.13,9.02,-6.95,1.36,0.77,-0.4
1727523,2.82,8.15,-7.19,3.36,0.27,0.21
1727537,1.98,5.7,-7.1,4.86,-0.06,0.64
1727551,1.22,3.65,-7.17,5.98,-0.22,0.97
1727564,0.98,1.91,-7.53,6.56,-0.15,1.21
1727578,1.19,0.14,-7.89,6.68,-0.13,1.34
1727592,1.56,-1.87,-8.52,6.27,-0.21,1.43
1727605,2.14,-3.68,-9.09,5.23,-0.45,1.48
1727619,2.23,-4.97,-9.42,3.82,-0.82,1.38
1727633,1.95,-5.55,-9.78,1.93,-1.16,1.06
1727646,1.7,-5.53,-9.83,-0.18,-1.25,0.57
1727660,1.07,-5.31,-10.01,-2.4,-0.98,0.03
1727674,0.78,-5.0,-9.56,-4.9,-0.36,-0.63
1727687,0.4,-3.43,-8.77,-7.05,0.47,-1.24
1727701,0.28,-0.56,-7.77,-8.16,1.2,-1.69
1727715,0.51,2.47,-6.75,-8.24,1.75,-1.91
1727728,0.93,5.11,-5.96,-7.3,1.92,-1.95
1727742,1.4,6.94,-5.53,-5.75,1.78,-1.9
1727756,2.28,9.22,-5.43,-3.35,1.26,-1.71
1727769,2.84,10.82,-6.21,-0.51,0.68,-1.26
1727783,3.47,10.9,-6.67,2.37,0.1,-0.47
1727797,2.57,8.4,-6.86,4.84,-0.52,0.41
1727810,1.69,4.76,-6.84,6.43,-1.0,1.09
1727824,1.18,2.05,-7.17,7.06,-1.24,1.52
1727838,0.79,-0.48,-7.86,6.96,-1.37,1.71
1727851,0.62,-2.77,-8.51,6.15,-1.44,1.63
1727865,0.7,-4.1,-9.1,4.98,-1.49,1.35
1727879,0.5,-5.03,-9.7,3.31,-1.42,0.96
1727892,0.08,-5.71,-10.42,1.16,-1.09,0.55
1727906,-0.23,-6.21,-10.76,-1.33,-0.49,0.16
1727920,0.06,-6.25,-10.24,-4.23,0.33,-0.27
1727933,0.31,-3.68,-9.1,-6.55,1.11,-0.65
1727947,0.46,-0.87,-7.89,-7.86,1.67,-0.91
1727961,0.87,2.49,-6.86,-8.04,2.0,-1.06
1727974,1.33,5.74,-6.34,-7.14,2.02,-1.13
1727988,1.85,7.85,-6.29,-5.62,1.86,-1.11
1728002,2.93,9.61,-6.48,-3.43,1.47,-0.82
1728016,3.67,10.75,-6.68,-0.93,0.77,-0.29
1728029,3.54,10.38,-6.93,1.41,0.02,0.31
1728043,2.97,8.85,-7.02,3.75,-0.71,0.95
1728057,2.02,6.44,-7.25,5.46,-1.2,1.43
1728070,1.52,4.08,-7.69,6.53,-1.47,1.66
1728084,1.24,1.75,-8.24,7.04,-1.66,1.73
1728098,1.08,-0.86,-9.16,6.87,-1.81,1.64
1728111,1.01,-3.28,-9.78,6.15,-1.95,1.41
1728125,0.65,-5.36,-10.21,4.68,-2.01,1.08
1728139,0.39,-6.66,-10.45,2.56,-1.86,0.73
1728152,-0.11,-6.93,-10.64,0.08,-1.45,0.37
1728166,-0.43,-6.99,-10.16,-3.04,-0.63,-0.08
1728180,-0.25,-5.17,-8.73,-5.79,0.29,-0.5
1728193,-0.74,-2.4,-7.52,-7.61,1.13,-0.86
1728207,-0.78,0.27,-6.04,-8.53,1.92,-1.2
1728221,-0.51,3.29,-5.06,-8.33,2.42,-1.46
1728234,-0.1,5.85,-4.72,-7.29,2.62,-1.63
1728248,0.68,8.02,-4.79,-5.53,2.61,-1.67
1728262,2.51,10.27,-5.43,-3.11,2.37,-1.18
1728275,3.37,11.27,-6.09,-0.67,1.74,-0.37
1728289,2.99,9.79,-6.27,1.81,0.84,0.49
1728303,2.32,8.03,-6.14,4.05,-0.06,1.2
1728316,1.59,6.11,-6.2,5.65,-0.66,1.67
1728330,1.18,4.12,-6.62,6.91,-1.07,2.09
1728344,1.06,1.98,-7.47,7.63,-1.27,2.39
1728357,1.0,-0.42,-8.06,7.73,-1.38,2.45
1728371,0.96,-3.23,-8.6,7.15,-1.55,2.24
1728385,1.02,-5.72,-9.06,5.71,-1.82,1.89
1728398,1.06,-7.28,-9.38,3.66,-2.06,1.47
1728412,0.65,-7.99,-9.77,0.79,-2.08,0.86
1728425,-0.03,-8.06,-9.99,-2.29,-1.67,0.19
1728438,-0.72,-6.5,-9.75,-5.21,-0.77,-0.47
1728452,-0.69,-3.71,-8.36,-7.58,0.43,-0.98
1728466,-0.91,0.06,-7.0,-8.68,1.52,-1.28
1728480,-0.56,3.0,-6.03,-8.56,2.23,-1.41
1728493,-0.05,5.88,-5.6,-7.31,2.58,-1.44
1728507,1.1,8.15,-5.76,-5.3,2.65,-1.25
1728521,2.83,9.99,-6.13,-2.94,2.29,-0.71
1728534,3.23,10.43,-6.64,-0.33,1.46,-0.05
1728548,3.12,9.01,-6.69,2.12,0.54,0.59
1728562,2.6,7.59,-6.63,4.1,-0.27,1.11
1728575,1.75,5.3,-6.77,5.65,-0.91,1.52
1728589,1.26,2.88,-7.02,6.61,-1.28,1.76
1728603,1.05,0.84,-7.44,6.96,-1.44,1.84
1728617,1.17,-1.24,-7.87,6.76,-1.62,1.85
1728630,1.11,-2.93,-8.12,6.09,-1.91,1.78
1728644,0.68,-4.35,-8.44,4.96,-2.17,1.57
1728658,0.22,-5.37,-8.97,3.66,-2.32,1.22
1728671,-0.21,-6.29,-9.52,1.97,-2.26,0.72
1728685,-0.78,-6.8,-9.89,-0.11,-1.88,0.15
1728699,-1.56,-7.18,-10.02,-2.53,-1.11,-0.43
1728712,-1.6,-6.45,-9.39,-5.04,-0.06,-1.02
1728726,-1.98,-4.37,-8.64,-7.21,1.18,-1.52
1728740,-1.67,-2.35,-7.39,-8.51,2.25,-1.83
1728754,-1.28,0.53,-6.16,-8.73,3.09,-2.06
1728767,-0.63,3.39,-5.33,-8.53,3.55,-2.21
1728781,0.42,5.94,-4.96,-7.31,3.67,-2.18
1728795,2.82,9.4,-4.96,-5.02,3.25,-1.66
1728808,4.19,12.15,-5.93,-2.06,2.21,-0.76
1728822,3.93,11.57,-6.42,0.84,1.05,0.09
1728836,2.9,8.97,-6.21,3.6,-0.07,0.79
1728849,1.75,6.02,-6.31,5.48,-0.78,1.26
1728863,1.23,3.39,-6.75,6.41,-1.02,1.55
1728877,1.08,1.3,-7.42,6.79,-0.99,1.77
1728890,1.18,-0.23,-8.16,6.64,-0.94,1.91
1728904,1.2,-2.0,-8.59,6.07,-1.08,1.9
1728918,1.19,-3.74,-9.2,5.07,-1.31,1.71
1728931,1.14,-5.07,-9.85,3.72,-1.49,1.36
1728945,0.9,-5.8,-10.29,2.27,-1.57,0.95
1728959,0.78,-5.9,-10.4,0.59,-1.56,0.52
1728972,0.47,-4.94,-10.47,-0.99,-1.36,0.13
1728986,0.03,-4.04,-10.44,-2.37,-0.95,-0.23
1729000,-0.64,-4.11,-10.34,-4.18,-0.15,-0.72
1729013,-0.57,-3.85,-9.35,-6.1,0.88,-1.24
1729027,-0.44,-1.62,-8.11,-7.5,1.76,-1.67
1729041,-0.29,1.36,-6.85,-8.17,2.46,-2.03
1729054,0.21,4.4,-5.96,-7.77,2.84,-2.25
1729068,1.47,7.24,-5.4,-6.45,2.91,-2.14
1729082,3.88,11.37,-5.7,-3.77,2.39,-1.4
1729095,4.57,13.49,-6.31,-0.39,1.27,-0.33
1729109,3.84,11.89,-6.23,2.83,0.1,0.6
1729123,2.14,8.04,-5.87,5.46,-0.84,1.24
1729136,1.09,4.02,-5.93,6.79,-1.32,1.62
1729150,0.72,1.11,-6.59,6.99,-1.51,1.89
1729164,0.55,-1.42,-7.53,6.36,-1.63,1.93
1729178,0.75,-3.3,-8.71,5.12,-1.75,1.63
1729192,0.94,-4.92,-9.72,3.37,-1.79,1.04
1729205,0.78,-6.06,-10.27,1.25,-1.66,0.38
1729219,0.46,-6.09,-10.47,-1.32,-1.33,-0.3
1729233,-0.28,-4.84,-10.27,-3.85,-0.71,-0.91
1729246,-0.35,-3.18,-9.28,-5.7,0.05,-1.37
1729260,-0.27,0.07,-7.96,-6.69,0.84,-1.68
1729274,0.08,3.01,-6.76,-6.64,1.36,-1.81
1729287,0.71,5.39,-6.1,-5.65,1.57,-1.7
1729301,1.94,8.45,-6.17,-3.5,1.34,-1.14
1729315,2.04,9.7,-6.89,-0.93,0.84,-0.42
1729328,1.54,8.27,-7.07,1.38,0.36,0.11
1729342,1.0,5.93,-7.11,3.39,-0.03,0.52
