miliseg,AcX,AcY,AcZ,GyX,GyY,GyZ
1225691,0.05,8.73,-1.95,1.1,0.33,-0.11
1225705,0.07,8.41,-2.28,0.68,0.21,-0.06
1225718,0.11,8.08,-2.53,0.19,0.08,-0.02
1225732,0.19,7.98,-2.7,-0.41,-0.06,0.0
1225746,0.09,8.12,-2.73,-1.01,-0.2,0.02
1225759,0.03,8.42,-2.34,-1.62,-0.37,0.03
1225773,-0.14,8.68,-1.8,-2.09,-0.53,0.08
1225787,-0.22,9.17,-1.14,-2.32,-0.64,0.11
1225800,-0.28,9.74,-0.38,-2.36,-0.69,0.14
1225814,-0.3,10.25,0.3,-2.19,-0.67,0.16
1225828,-0.33,10.61,0.81,-1.89,-0.57,0.15
1225841,-0.35,10.88,1.19,-1.4,-0.4,0.11
1225855,-0.36,11.08,1.44,-0.82,-0.22,0.05
1225869,-0.37,11.12,1.53,-0.24,-0.06,-0.0
1225883,-0.39,11.05,1.47,0.39,0.1,-0.04
1225896,-0.41,10.88,1.22,0.99,0.25,-0.08
1225910,-0.4,10.7,0.88,1.48,0.4,-0.12
1225924,-0.36,10.61,0.53,1.94,0.57,-0.18
1225938,-0.27,10.04,0.1,2.22,0.69,-0.2
1225951,-0.18,9.45,-0.5,2.41,0.77,-0.22
1225965,-0.03,9.02,-1.24,2.4,0.78,-0.21
1225979,0.03,8.56,-1.99,2.16,0.71,-0.2
1225992,0.12,8.31,-2.48,1.69,0.57,-0.18
1226006,0.16,7.95,-2.81,1.1,0.38,-0.13
1226020,0.12,7.63,-3.09,0.52,0.2,-0.05
1226033,0.15,7.61,-3.32,-0.16,0.02,0.01
1226047,0.09,7.73,-3.42,-0.84,-0.13,0.04
1226061,0.03,8.11,-3.06,-1.53,-0.28,0.03
1226074,-0.0,8.37,-2.38,-2.1,-0.44,0.05
1226088,-0.03,8.76,-1.62,-2.42,-0.58,0.09
1226102,-0.13,9.34,-0.89,-2.56,-0.69,0.13
1226115,-0.22,9.99,-0.23,-2.51,-0.73,0.15
1226129,-0.28,10.43,0.32,-2.32,-0.7,0.14
1226143,-0.36,10.7,0.81,-1.94,-0.61,0.13
1226156,-0.46,10.89,1.1,-1.41,-0.45,0.1
1226170,-0.52,11.04,1.24,-0.83,-0.26,0.06
1226184,-0.44,11.2,1.37,-0.2,-0.07,0.01
1226198,-0.4,11.17,1.35,0.42,0.11,-0.04
1226211,-0.46,11.0,1.12,0.98,0.26,-0.09
1226225,-0.42,10.74,0.82,1.52,0.43,-0.13
1226239,-0.37,10.41,0.42,1.95,0.6,-0.16
1226252,-0.22,9.8,-0.11,2.2,0.71,-0.19
1226266,-0.07,9.15,-0.87,2.29,0.73,-0.19
1226280,0.02,8.86,-1.53,2.14,0.68,-0.19
1226293,0.06,8.49,-2.1,1.79,0.57,-0.16
1226307,0.08,8.13,-2.55,1.3,0.41,-0.11
1226321,0.14,7.85,-2.86,0.71,0.25,-0.06
1226334,0.08,7.66,-3.18,0.11,0.1,-0.0
1226348,0.11,7.97,-3.16,-0.56,-0.06,0.01
1226362,0.07,8.12,-2.86,-1.24,-0.21,0.02
1226375,-0.04,8.33,-2.39,-1.73,-0.36,0.04
1226389,-0.09,8.74,-1.77,-2.1,-0.49,0.08
1226403,-0.19,9.36,-1.12,-2.29,-0.59,0.11
1226416,-0.21,9.82,-0.5,-2.32,-0.64,0.13
1226430,-0.27,10.21,0.13,-2.16,-0.63,0.14
1226444,-0.3,10.54,0.58,-1.83,-0.57,0.13
1226457,-0.4,10.78,0.89,-1.4,-0.45,0.11
1226471,-0.44,10.95,1.07,-0.86,-0.29,0.07
1226485,-0.44,11.1,1.2,-0.26,-0.1,0.01
1226499,-0.41,11.08,1.2,0.34,0.07,-0.04
1226513,-0.37,10.86,0.99,0.91,0.23,-0.08
1226526,-0.37,10.52,0.62,1.36,0.37,-0.12
1226540,-0.34,10.32,0.09,1.72,0.51,-0.16
1226554,-0.36,10.09,-0.43,1.91,0.62,-0.19
1226567,-0.3,9.8,-0.68,2.0,0.7,-0.21
1226581,-0.13,9.4,-0.84,2.06,0.74,-0.21
1226595,-0.03,8.51,-1.51,2.01,0.72,-0.16
1226608,0.06,8.42,-2.2,1.84,0.64,-0.14
1226622,0.13,8.34,-2.76,1.35,0.5,-0.12
1226636,0.11,7.93,-3.13,0.74,0.32,-0.08
1226649,0.12,7.73,-3.25,0.18,0.14,-0.05
1226663,0.13,7.98,-3.1,-0.4,-0.05,-0.02
1226677,0.07,8.05,-2.98,-0.97,-0.2,0.02
1226690,0.01,8.39,-2.7,-1.39,-0.3,0.03
1226704,0.02,8.5,-2.39,-1.85,-0.41,0.05
1226718,0.04,8.75,-1.88,-2.18,-0.53,0.07
1226731,-0.06,9.11,-1.33,-2.43,-0.66,0.1
1226745,-0.18,9.6,-0.74,-2.53,-0.77,0.11
1226759,-0.28,9.98,-0.13,-2.47,-0.81,0.14
1226772,-0.37,10.37,0.45,-2.22,-0.77,0.15
1226786,-0.42,10.62,0.87,-1.83,-0.64,0.14
1226800,-0.47,10.76,1.1,-1.37,-0.46,0.11
1226813,-0.44,10.93,1.23,-0.83,-0.26,0.06
1226827,-0.42,10.98,1.29,-0.3,-0.08,0.01
1226841,-0.33,10.83,1.31,0.18,0.05,-0.03
1226854,-0.34,10.79,1.2,0.68,0.16,-0.07
1226868,-0.42,10.64,0.9,1.12,0.28,-0.09
1226882,-0.4,10.53,0.63,1.49,0.41,-0.14
1226895,-0.3,10.04,0.25,1.78,0.55,-0.15
1226909,-0.29,9.44,-0.38,1.96,0.65,-0.15
1226923,-0.18,9.35,-0.89,1.97,0.67,-0.16
1226936,-0.04,9.12,-1.26,1.8,0.62,-0.15
1226950,0.01,8.57,-1.72,1.52,0.53,-0.11
1226964,0.06,8.44,-2.11,1.21,0.42,-0.08
1226978,0.09,8.41,-2.41,0.74,0.27,-0.05
1226991,0.08,8.27,-2.6,0.2,0.12,-0.03
1227005,0.06,8.26,-2.62,-0.28,-0.02,-0.01
1227019,-0.03,8.41,-2.48,-0.76,-0.14,0.01
1227032,-0.07,8.73,-2.16,-1.15,-0.25,0.04
1227046,-0.12,9.07,-1.77,-1.42,-0.34,0.05
1227060,-0.18,9.43,-1.27,-1.57,-0.41,0.07
1227073,-0.21,9.72,-0.79,-1.58,-0.45,0.09
1227087,-0.23,10.04,-0.37,-1.45,-0.45,0.09
1227101,-0.29,10.33,-0.08,-1.21,-0.4,0.08
1227114,-0.34,10.53,0.15,-0.87,-0.31,0.05
1227128,-0.4,10.7,0.29,-0.5,-0.2,0.02
1227142,-0.44,10.69,0.32,-0.04,-0.06,-0.02
1227155,-0.41,10.84,0.38,0.43,0.07,-0.06
1227169,-0.44,10.78,0.22,0.86,0.19,-0.09
1227183,-0.43,10.56,0.04,1.31,0.34,-0.11
1227196,-0.39,10.0,-0.44,1.67,0.5,-0.12
1227210,-0.18,9.53,-0.9,1.87,0.58,-0.14
1227224,-0.06,9.02,-1.47,1.86,0.58,-0.13
1227237,0.0,8.61,-2.09,1.66,0.51,-0.11
1227251,0.05,8.28,-2.6,1.29,0.4,-0.09
1227265,0.01,7.82,-3.24,0.7,0.29,-0.04
1227278,0.11,7.42,-3.7,-0.07,0.18,-0.0
1227292,0.2,7.45,-3.63,-0.85,0.02,0.0
1227306,0.23,7.65,-3.17,-1.67,-0.2,0.01
1227319,0.14,8.04,-2.46,-2.32,-0.44,0.04
1227333,-0.04,8.64,-1.72,-2.7,-0.65,0.08
1227347,-0.16,9.39,-0.87,-2.89,-0.78,0.11
1227360,-0.22,10.01,-0.04,-2.85,-0.82,0.13
1227374,-0.29,10.44,0.65,-2.62,-0.75,0.14
1227388,-0.4,10.83,1.22,-2.15,-0.61,0.13
1227401,-0.4,11.02,1.62,-1.54,-0.42,0.1
1227415,-0.46,11.16,1.72,-0.9,-0.23,0.06
1227429,-0.41,11.37,1.74,-0.22,-0.04,0.01
1227442,-0.4,11.22,1.63,0.41,0.14,-0.04
1227456,-0.41,10.89,1.42,0.97,0.29,-0.08
1227470,-0.36,10.6,1.14,1.51,0.45,-0.12
1227484,-0.16,10.21,0.81,1.95,0.58,-0.14
1227497,-0.19,9.4,-0.07,2.18,0.67,-0.14
1227511,-0.11,9.36,-0.89,2.2,0.7,-0.16
1227525,-0.04,9.1,-1.5,1.9,0.66,-0.17
1227538,0.03,8.61,-1.83,1.52,0.56,-0.16
1227552,0.07,8.45,-1.93,1.13,0.4,-0.13
1227566,0.11,8.29,-2.12,0.71,0.23,-0.06
1227579,0.02,8.43,-2.35,0.34,0.09,-0.02
1227593,0.12,8.56,-2.34,-0.13,-0.02,-0.01
1227607,-0.01,8.08,-2.54,-0.65,-0.09,0.03
1227620,0.05,8.45,-2.41,-1.07,-0.18,0.02
1227634,0.03,8.8,-1.99,-1.56,-0.33,0.02
1227648,-0.06,9.0,-1.34,-1.91,-0.49,0.05
1227661,-0.14,9.45,-0.77,-2.02,-0.6,0.08
1227675,-0.23,9.98,-0.16,-1.94,-0.65,0.1
1227689,-0.29,10.45,0.34,-1.7,-0.61,0.11
1227702,-0.37,10.73,0.65,-1.35,-0.5,0.09
1227716,-0.49,10.86,0.88,-0.86,-0.34,0.05
1227730,-0.51,11.0,1.02,-0.3,-0.15,0.0
1227743,-0.51,11.04,0.98,0.24,0.03,-0.03
1227757,-0.42,11.04,0.93,0.79,0.2,-0.07
1227771,-0.4,10.49,0.57,1.27,0.36,-0.1
1227784,-0.35,10.14,0.06,1.64,0.5,-0.13
1227798,-0.22,9.8,-0.46,1.83,0.59,-0.16
1227812,-0.14,9.34,-0.94,1.83,0.61,-0.16
1227825,-0.08,9.16,-1.33,1.74,0.57,-0.16
1227839,-0.05,9.09,-1.6,1.56,0.49,-0.15
1227853,-0.01,8.73,-1.94,1.32,0.41,-0.12
1227866,-0.03,8.52,-2.26,1.07,0.32,-0.09
1227880,0.04,8.26,-2.65,0.68,0.23,-0.05
1227894,0.05,8.06,-2.99,0.19,0.13,-0.03
1227907,0.05,8.03,-3.1,-0.35,0.02,-0.01
1227921,0.03,8.32,-2.86,-0.91,-0.13,-0.0
1227935,-0.0,8.42,-2.45,-1.41,-0.28,0.02
1227949,-0.05,8.88,-1.86,-1.71,-0.43,0.06
1227963,-0.12,9.42,-1.33,-1.86,-0.52,0.08
1227976,-0.25,9.76,-0.84,-1.87,-0.55,0.09
1227990,-0.26,10.12,-0.38,-1.72,-0.52,0.09
1228004,-0.32,10.26,-0.08,-1.48,-0.46,0.09
1228017,-0.37,10.45,0.15,-1.13,-0.37,0.08
1228031,-0.41,10.51,0.21,-0.75,-0.25,0.06
1228045,-0.44,10.61,0.2,-0.39,-0.12,0.03
1228058,-0.4,10.55,0.21,-0.03,0.01,-0.0
1228072,-0.37,10.36,0.11,0.3,0.12,-0.03
1228086,-0.32,10.28,0.02,0.58,0.19,-0.05
1228099,-0.31,10.17,-0.19,0.82,0.26,-0.07
1228113,-0.28,10.09,-0.4,1.01,0.33,-0.09
1228127,-0.26,9.99,-0.54,1.16,0.39,-0.11
1228140,-0.21,9.84,-0.66,1.32,0.43,-0.13
1228154,-0.16,9.46,-0.93,1.45,0.47,-0.12
1228168,-0.11,9.2,-1.39,1.5,0.47,-0.12
1228181,-0.0,9.04,-1.83,1.39,0.43,-0.12
1228195,0.06,8.56,-2.22,1.1,0.34,-0.09
1228209,0.02,8.07,-2.67,0.74,0.25,-0.06
1228222,0.08,7.86,-3.23,0.19,0.14,-0.03
1228236,0.11,7.99,-3.27,-0.48,-0.0,-0.03
1228250,0.09,8.07,-3.05,-1.11,-0.17,-0.01
1228263,-0.02,8.31,-2.49,-1.64,-0.36,0.02
1228277,-0.03,8.78,-1.85,-2.0,-0.54,0.07
1228290,-0.16,9.31,-1.3,-2.14,-0.64,0.1
1228303,-0.26,9.85,-0.69,-2.14,-0.69,0.12
1228317,-0.37,10.25,-0.13,-1.97,-0.64,0.13
1228331,-0.42,10.54,0.22,-1.64,-0.54,0.12
1228345,-0.44,10.79,0.57,-1.18,-0.39,0.09
1228358,-0.49,10.99,0.71,-0.64,-0.21,0.05
1228372,-0.47,11.02,0.71,-0.13,-0.03,0.01
1228386,-0.41,10.89,0.66,0.41,0.14,-0.05
1228399,-0.37,10.58,0.45,0.9,0.27,-0.09
1228413,-0.34,10.46,0.23,1.29,0.38,-0.11
1228427,-0.31,10.41,-0.06,1.65,0.48,-0.15
1228440,-0.3,10.23,-0.34,1.95,0.57,-0.19
1228454,-0.15,9.79,-0.59,2.18,0.65,-0.2
1228468,-0.11,8.81,-1.48,2.28,0.68,-0.19
1228481,0.03,8.72,-2.28,2.15,0.63,-0.2
1228495,0.07,8.25,-2.85,1.71,0.53,-0.16
1228509,0.05,7.52,-3.46,1.09,0.38,-0.1
1228522,0.14,7.39,-3.72,0.4,0.18,-0.05
1228536,0.11,7.38,-3.87,-0.32,-0.0,-0.01
1228550,0.1,7.82,-3.58,-1.02,-0.19,0.01
1228563,0.0,8.16,-3.05,-1.61,-0.36,0.04
1228577,-0.11,8.52,-2.52,-1.99,-0.49,0.06
1228591,-0.18,9.1,-1.83,-2.21,-0.58,0.08
1228604,-0.23,9.65,-1.19,-2.25,-0.63,0.1
1228618,-0.34,10.07,-0.66,-2.13,-0.63,0.12
1228632,-0.34,10.4,-0.15,-1.84,-0.57,0.12
1228645,-0.44,10.65,0.23,-1.42,-0.46,0.1
1228659,-0.5,10.84,0.39,-0.94,-0.31,0.07
1228673,-0.53,11.04,0.48,-0.37,-0.13,0.02
1228686,-0.5,10.93,0.45,0.19,0.05,-0.02
1228700,-0.47,10.83,0.34,0.71,0.2,-0.07
1228714,-0.45,10.63,0.07,1.21,0.34,-0.11
1228727,-0.45,10.56,-0.21,1.64,0.49,-0.15
1228741,-0.39,10.33,-0.5,1.97,0.61,-0.18
1228755,-0.28,9.9,-0.79,2.28,0.71,-0.21
1228769,-0.1,9.49,-1.15,2.52,0.75,-0.22
1228782,-0.04,8.76,-1.97,2.55,0.74,-0.19
1228796,-0.05,8.17,-3.0,2.36,0.69,-0.16
1228810,0.07,7.83,-3.75,1.85,0.58,-0.14
1228824,0.13,7.05,-4.23,1.1,0.42,-0.08
1228837,0.16,6.61,-4.67,0.33,0.24,-0.03
1228851,0.22,6.93,-4.66,-0.51,0.01,-0.02
1228865,0.15,7.41,-4.23,-1.32,-0.22,-0.0
1228878,-0.01,7.71,-3.64,-1.93,-0.42,0.04
1228892,0.0,8.12,-3.04,-2.37,-0.58,0.11
1228906,-0.17,8.98,-2.4,-2.62,-0.7,0.13
1228919,-0.19,9.47,-1.68,-2.74,-0.75,0.13
1228933,-0.31,9.84,-0.97,-2.67,-0.77,0.15
1228947,-0.38,10.21,-0.39,-2.41,-0.73,0.16
1228960,-0.42,10.57,0.09,-2.02,-0.63,0.16
1228974,-0.47,10.92,0.4,-1.48,-0.47,0.13
1228988,-0.55,11.19,0.49,-0.88,-0.26,0.08
1229001,-0.53,11.23,0.52,-0.31,-0.05,0.03
1229015,-0.54,11.02,0.45,0.3,0.16,-0.04
1229029,-0.4,10.69,0.39,0.86,0.32,-0.08
1229042,-0.35,10.33,0.08,1.3,0.44,-0.1
1229056,-0.27,10.16,-0.32,1.67,0.53,-0.13
1229070,-0.15,9.79,-0.8,1.88,0.58,-0.16
1229084,-0.15,9.32,-1.36,1.95,0.59,-0.17
1229097,-0.15,9.12,-1.92,1.89,0.58,-0.17
1229111,-0.1,8.62,-2.45,1.66,0.55,-0.15
1229125,-0.09,8.23,-2.88,1.34,0.48,-0.12
1229138,0.06,8.0,-3.21,0.88,0.36,-0.1
1229152,0.08,7.78,-3.42,0.31,0.21,-0.06
1229166,0.11,7.8,-3.44,-0.24,0.05,-0.03
1229179,0.08,7.97,-3.29,-0.81,-0.12,-0.0
1229193,0.05,8.3,-2.97,-1.29,-0.27,0.02
1229207,-0.07,8.52,-2.61,-1.66,-0.39,0.05
1229220,-0.11,8.81,-2.16,-1.92,-0.49,0.08
1229234,-0.13,9.25,-1.63,-2.06,-0.56,0.08
1229248,-0.23,9.59,-1.2,-2.08,-0.59,0.08
1229261,-0.34,9.96,-0.71,-2.0,-0.59,0.09
1229275,-0.37,10.2,-0.24,-1.77,-0.55,0.09
1229289,-0.41,10.37,0.06,-1.46,-0.47,0.1
1229302,-0.43,10.66,0.27,-1.04,-0.35,0.08
1229316,-0.46,10.78,0.31,-0.61,-0.21,0.05
1229330,-0.5,10.81,0.31,-0.19,-0.07,0.01
1229343,-0.49,10.76,0.27,0.24,0.08,-0.02
1229357,-0.44,10.58,0.21,0.65,0.21,-0.05
1229371,-0.31,10.18,0.1,0.99,0.31,-0.07
1229384,-0.25,9.78,-0.4,1.26,0.4,-0.07
1229398,-0.19,9.57,-1.01,1.35,0.44,-0.09
1229412,-0.14,9.28,-1.49,1.22,0.44,-0.1
1229426,-0.12,8.93,-1.73,1.01,0.39,-0.1
1229439,-0.08,8.86,-1.83,0.77,0.3,-0.09
1229453,-0.01,8.87,-1.76,0.53,0.2,-0.06
1229467,-0.01,8.58,-1.97,0.3,0.12,-0.02
1229480,-0.02,8.74,-2.16,0.04,0.04,-0.01
1229494,-0.03,8.47,-2.43,-0.4,-0.02,0.01
1229508,-0.05,8.55,-2.43,-0.79,-0.1,0.02
1229521,0.01,8.66,-2.13,-1.23,-0.22,0.03
1229535,-0.03,8.81,-1.67,-1.56,-0.35,0.06
1229549,-0.09,9.24,-1.13,-1.77,-0.48,0.1
1229562,-0.2,9.77,-0.59,-1.8,-0.56,0.11
1229576,-0.26,10.11,-0.12,-1.68,-0.55,0.11
1229590,-0.34,10.4,0.25,-1.4,-0.47,0.11
1229603,-0.41,10.66,0.47,-1.0,-0.34,0.07
1229617,-0.42,10.78,0.62,-0.59,-0.2,0.03
1229631,-0.45,10.89,0.64,-0.11,-0.04,-0.0
1229644,-0.47,10.96,0.6,0.37,0.11,-0.04
1229658,-0.42,10.77,0.51,0.81,0.25,-0.08
1229672,-0.34,10.52,0.4,1.26,0.39,-0.1
1229686,-0.22,10.2,0.17,1.67,0.51,-0.13
1229699,-0.14,9.5,-0.49,1.89,0.58,-0.14
1229713,-0.1,9.21,-1.35,1.93,0.59,-0.16
1229727,-0.06,8.85,-1.99,1.65,0.56,-0.15
1229740,-0.02,8.33,-2.43,1.24,0.48,-0.13
1229754,0.14,7.95,-2.65,0.72,0.33,-0.08
1229768,0.23,7.76,-2.87,0.1,0.15,-0.03
1229781,0.22,7.74,-3.02,-0.55,-0.02,0.01
1229795,0.17,8.1,-2.85,-1.26,-0.21,0.02
1229809,0.04,8.44,-2.27,-1.86,-0.4,0.03
1229822,-0.04,8.73,-1.6,-2.23,-0.56,0.07
1229836,-0.17,9.23,-0.89,-2.4,-0.67,0.11
1229850,-0.2,9.96,-0.17,-2.36,-0.72,0.12
1229863,-0.27,10.41,0.39,-2.18,-0.69,0.13
1229877,-0.38,10.73,0.85,-1.79,-0.59,0.12
1229891,-0.43,10.86,1.13,-1.26,-0.42,0.09
1229904,-0.45,11.05,1.3,-0.7,-0.24,0.05
1229918,-0.43,11.17,1.35,-0.07,-0.06,-0.0
1229932,-0.39,11.12,1.29,0.53,0.1,-0.05
1229945,-0.41,10.97,1.03,1.05,0.25,-0.09
1229959,-0.4,10.79,0.8,1.57,0.41,-0.13
1229973,-0.33,10.58,0.48,2.02,0.56,-0.18
1229986,-0.27,10.07,0.09,2.36,0.69,-0.2
1230000,-0.22,9.28,-0.75,2.56,0.8,-0.19
1230014,-0.12,8.93,-1.71,2.49,0.82,-0.19
1230027,-0.03,8.38,-2.49,2.12,0.78,-0.17
1230041,0.13,7.89,-2.97,1.54,0.65,-0.14
1230055,0.29,7.51,-3.22,0.85,0.43,-0.09
1230068,0.3,7.53,-3.31,0.2,0.18,-0.05
1230082,0.24,7.8,-3.15,-0.48,-0.06,-0.01
1230096,0.13,8.04,-2.98,-1.09,-0.24,0.03
1230109,0.1,8.37,-2.62,-1.56,-0.36,0.05
1230124,-0.03,8.63,-2.19,-1.99,-0.48,0.08
1230137,-0.1,9.04,-1.66,-2.25,-0.59,0.09
1230151,-0.16,9.46,-1.0,-2.38,-0.68,0.11
1230165,-0.21,9.87,-0.36,-2.32,-0.73,0.13
1230178,-0.26,10.31,0.19,-2.1,-0.71,0.14
1230192,-0.38,10.72,0.62,-1.72,-0.61,0.13
1230206,-0.41,10.96,0.89,-1.2,-0.44,0.09
1230219,-0.44,11.06,1.07,-0.65,-0.25,0.04
1230233,-0.45,11.14,1.06,-0.03,-0.05,-0.02
1230247,-0.47,11.13,0.93,0.52,0.12,-0.07
1230260,-0.51,10.89,0.67,1.04,0.3,-0.11
1230274,-0.41,10.58,0.41,1.53,0.47,-0.14
1230288,-0.35,10.3,0.11,1.93,0.62,-0.17
1230301,-0.22,9.7,-0.39,2.16,0.73,-0.18
1230315,-0.05,9.02,-1.16,2.23,0.76,-0.17
1230329,0.05,8.76,-1.81,2.06,0.7,-0.17
1230342,0.11,8.46,-2.39,1.66,0.57,-0.16
1230356,0.16,8.06,-2.67,1.14,0.39,-0.12
1230370,0.16,7.79,-2.95,0.62,0.22,-0.07
1230383,0.13,7.88,-3.11,0.04,0.04,-0.02
1230397,0.07,7.84,-3.29,-0.61,-0.09,0.02
1230411,0.03,8.19,-3.06,-1.16,-0.21,0.02
1230424,0.02,8.41,-2.53,-1.7,-0.35,0.02
1230438,-0.0,8.66,-1.84,-2.07,-0.5,0.07
1230452,-0.09,9.01,-1.42,-2.27,-0.61,0.11
1230465,-0.13,9.67,-0.76,-2.32,-0.7,0.12
1230479,-0.21,10.06,-0.16,-2.26,-0.73,0.13
1230493,-0.34,10.36,0.3,-2.03,-0.68,0.13
1230507,-0.4,10.66,0.63,-1.64,-0.57,0.12
1230520,-0.45,10.84,0.93,-1.14,-0.4,0.09
1230534,-0.45,11.03,1.11,-0.6,-0.23,0.05
1230548,-0.39,11.09,1.16,-0.02,-0.06,-0.01
1230561,-0.35,11.0,1.11,0.57,0.1,-0.06
1230575,-0.33,10.77,0.93,1.06,0.22,-0.09
1230589,-0.37,10.61,0.51,1.54,0.35,-0.13
1230602,-0.39,10.46,0.04,1.9,0.49,-0.17
1230616,-0.4,9.99,-0.43,2.13,0.62,-0.19
1230630,-0.29,9.66,-0.85,2.29,0.72,-0.21
1230643,-0.05,9.08,-1.26,2.28,0.76,-0.19
1230657,0.04,8.31,-2.02,2.12,0.71,-0.16
1230671,0.12,8.17,-2.71,1.74,0.58,-0.14
1230684,0.15,7.77,-3.31,1.09,0.41,-0.09
1230698,0.13,7.48,-3.63,0.42,0.21,-0.05
1230712,0.2,7.45,-3.62,-0.34,0.0,-0.01
1230725,0.1,7.74,-3.35,-1.02,-0.2,0.03
1230739,0.08,8.22,-2.93,-1.58,-0.35,0.04
1230753,-0.02,8.6,-2.31,-2.01,-0.49,0.07
1230766,-0.09,9.16,-1.59,-2.24,-0.61,0.09
1230780,-0.21,9.58,-1.06,-2.29,-0.67,0.12
1230794,-0.29,10.05,-0.48,-2.16,-0.67,0.13
1230807,-0.38,10.43,-0.01,-1.89,-0.61,0.13
1230821,-0.43,10.69,0.33,-1.5,-0.49,0.11
1230835,-0.47,10.91,0.56,-0.97,-0.32,0.07
1230848,-0.45,11.08,0.75,-0.4,-0.13,0.02
1230862,-0.47,11.07,0.68,0.15,0.03,-0.02
1230876,-0.48,11.03,0.54,0.72,0.2,-0.07
1230889,-0.48,10.82,0.33,1.25,0.38,-0.12
1230903,-0.44,10.59,0.12,1.69,0.54,-0.15
1230917,-0.25,9.96,-0.24,2.06,0.69,-0.18
1230930,-0.11,9.22,-0.96,2.28,0.76,-0.18
1230944,0.0,8.88,-1.81,2.23,0.74,-0.19
1230958,0.04,8.5,-2.49,1.89,0.65,-0.18
1230972,0.11,8.11,-2.96,1.4,0.5,-0.15
1230985,0.1,7.93,-3.15,0.91,0.32,-0.11
1230999,0.08,7.97,-3.2,0.4,0.12,-0.07
1231013,0.04,8.17,-3.12,-0.08,-0.03,-0.02
1231026,-0.03,8.35,-3.01,-0.45,-0.12,0.0
1231040,-0.05,8.37,-3.01,-0.83,-0.17,0.02
1231054,-0.03,8.54,-2.85,-1.19,-0.24,0.02
1231067,-0.05,8.69,-2.51,-1.51,-0.33,0.02
1231081,-0.09,8.8,-2.11,-1.78,-0.44,0.05
1231095,-0.11,9.06,-1.66,-1.95,-0.53,0.09
1231108,-0.22,9.45,-1.3,-2.02,-0.61,0.11
1231122,-0.27,9.84,-0.89,-2.01,-0.64,0.11
1231136,-0.41,10.09,-0.45,-1.87,-0.61,0.11
1231149,-0.44,10.3,-0.07,-1.61,-0.53,0.11
1231163,-0.45,10.58,0.25,-1.23,-0.4,0.09
1231177,-0.43,10.73,0.49,-0.8,-0.25,0.05
1231190,-0.41,10.86,0.67,-0.35,-0.12,0.01
1231204,-0.41,10.78,0.66,0.17,0.02,-0.03
1231218,-0.38,10.62,0.47,0.66,0.15,-0.05
1231231,-0.4,10.5,0.14,1.05,0.25,-0.08
1231245,-0.4,10.35,-0.26,1.36,0.37,-0.11
1231259,-0.35,10.12,-0.53,1.57,0.47,-0.15
1231272,-0.3,9.88,-0.74,1.73,0.53,-0.17
1231286,-0.29,9.74,-0.95,1.9,0.59,-0.18
1231300,-0.15,9.26,-1.3,2.0,0.63,-0.16
1231313,-0.11,8.72,-2.02,1.97,0.62,-0.14
1231327,-0.02,8.65,-2.65,1.74,0.55,-0.14
1231341,0.03,8.25,-3.07,1.29,0.43,-0.11
1231354,0.08,7.71,-3.36,0.8,0.3,-0.06
1231368,0.08,7.67,-3.59,0.27,0.12,-0.04
1231382,0.08,7.81,-3.61,-0.35,-0.04,-0.01
1231395,-0.02,7.86,-3.51,-0.89,-0.16,0.03
1231409,-0.03,8.2,-3.22,-1.37,-0.28,0.04
1231423,-0.1,8.58,-2.71,-1.77,-0.4,0.05
1231436,-0.16,8.96,-2.15,-2.0,-0.5,0.07
1231450,-0.22,9.48,-1.54,-2.06,-0.57,0.09
1231464,-0.31,9.95,-0.99,-1.94,-0.6,0.11
1231477,-0.4,10.3,-0.57,-1.7,-0.55,0.11
1231491,-0.45,10.56,-0.25,-1.32,-0.43,0.1
1231505,-0.5,10.73,-0.07,-0.85,-0.28,0.06
1231519,-0.49,10.85,0.06,-0.37,-0.13,0.02
1231532,-0.48,10.82,0.06,0.18,0.02,-0.02
1231546,-0.43,10.72,-0.06,0.69,0.17,-0.06
1231560,-0.45,10.47,-0.36,1.12,0.29,-0.09
1231573,-0.38,10.21,-0.76,1.46,0.43,-0.12
1231587,-0.35,9.9,-1.18,1.69,0.54,-0.16
1231601,-0.26,9.62,-1.47,1.81,0.59,-0.18
1231614,-0.13,9.11,-1.71,1.84,0.61,-0.18
1231628,-0.08,8.55,-2.4,1.78,0.58,-0.15
1231642,-0.0,8.48,-2.96,1.55,0.5,-0.14
1231655,0.01,8.03,-3.39,1.08,0.39,-0.1
1231669,0.03,7.5,-3.82,0.52,0.25,-0.06
1231683,0.11,7.4,-3.99,-0.08,0.1,-0.03
1231696,0.1,7.46,-3.94,-0.79,-0.07,0.01
1231710,0.1,7.8,-3.57,-1.42,-0.24,0.03
1231724,0.01,8.2,-3.08,-1.91,-0.41,0.05
1231737,-0.15,8.62,-2.5,-2.25,-0.56,0.1
1231751,-0.18,9.23,-1.76,-2.38,-0.66,0.12
1231765,-0.21,9.74,-1.16,-2.35,-0.7,0.13
1231778,-0.37,10.18,-0.59,-2.15,-0.67,0.14
1231792,-0.39,10.52,-0.16,-1.8,-0.58,0.13
1231806,-0.47,10.78,0.16,-1.35,-0.45,0.1
1231819,-0.48,10.94,0.34,-0.79,-0.27,0.06
1231833,-0.46,11.0,0.44,-0.18,-0.1,0.01
1231847,-0.46,10.98,0.42,0.39,0.06,-0.04
1231860,-0.39,10.93,0.3,0.98,0.2,-0.09
1231874,-0.38,10.79,0.07,1.55,0.33,-0.14
1231888,-0.34,10.69,-0.11,2.04,0.44,-0.19
1231901,-0.4,10.38,-0.57,2.52,0.58,-0.22
1231915,-0.44,9.72,-1.35,2.86,0.74,-0.23
1231929,-0.31,9.01,-2.24,2.96,0.84,-0.21
1231942,-0.13,8.2,-3.17,2.71,0.86,-0.17
1231956,0.07,7.33,-3.92,2.16,0.77,-0.1
1231969,0.22,6.77,-4.52,1.52,0.59,-0.05
1231982,0.3,6.6,-4.82,0.68,0.33,-0.01
1231996,0.21,6.67,-4.91,-0.13,0.07,0.04
1232010,0.14,6.97,-4.77,-0.93,-0.16,0.1
1232023,0.1,7.61,-4.21,-1.58,-0.33,0.1
1232037,0.08,7.99,-3.6,-2.05,-0.44,0.1
1232051,0.03,8.51,-2.95,-2.35,-0.54,0.11
1232065,-0.03,9.21,-2.3,-2.46,-0.63,0.12
1232078,-0.1,9.48,-1.78,-2.49,-0.68,0.12
1232092,-0.14,9.79,-1.2,-2.34,-0.7,0.12
1232106,-0.28,10.22,-0.78,-2.09,-0.68,0.12
1232119,-0.4,10.46,-0.51,-1.76,-0.6,0.11
1232133,-0.45,10.61,-0.26,-1.31,-0.47,0.09
1232147,-0.44,10.78,-0.04,-0.79,-0.29,0.06
1232160,-0.38,10.81,0.05,-0.29,-0.13,0.01
1232174,-0.35,10.64,-0.13,0.23,0.02,-0.03
1232188,-0.28,10.49,-0.26,0.66,0.14,-0.07
1232201,-0.26,9.79,-0.85,0.88,0.22,-0.06
1232215,-0.28,9.5,-1.34,0.98,0.29,-0.05
1232229,-0.26,9.4,-1.84,0.89,0.32,-0.07
1232242,-0.27,9.11,-2.04,0.7,0.32,-0.07
1232256,-0.17,8.83,-2.09,0.49,0.27,-0.06
1232270,-0.05,8.87,-1.98,0.31,0.19,-0.05
1232283,-0.1,9.23,-1.93,0.17,0.11,-0.05
1232297,-0.14,9.23,-2.01,0.0,0.09,-0.03
1232311,-0.14,8.87,-2.18,-0.19,0.11,-0.01
1232324,-0.04,8.83,-2.22,-0.4,0.09,-0.01
1232338,0.06,8.75,-2.12,-0.72,-0.01,-0.0
1232352,0.0,8.88,-1.92,-0.98,-0.15,0.0
1232365,-0.04,9.09,-1.55,-1.15,-0.25,0.01
1232379,-0.14,9.53,-1.2,-1.18,-0.31,0.02
1232393,-0.16,9.85,-0.79,-1.1,-0.32,0.02
1232406,-0.28,10.24,-0.48,-0.89,-0.29,0.0
1232420,-0.29,10.63,-0.13,-0.55,-0.22,-0.03
1232434,-0.39,10.68,0.04,-0.07,-0.1,-0.07
1232447,-0.42,10.66,0.06,0.44,0.04,-0.09
1232461,-0.47,10.73,-0.12,1.01,0.2,-0.13
1232475,-0.42,10.65,-0.32,1.52,0.33,-0.17
1232488,-0.46,10.17,-0.76,1.93,0.46,-0.18
1232502,-0.51,9.94,-1.39,2.28,0.6,-0.2
1232516,-0.35,9.33,-1.95,2.41,0.72,-0.19
1232530,-0.17,8.73,-2.61,2.38,0.75,-0.18
1232543,0.22,8.13,-3.11,2.06,0.68,-0.18
1232557,0.31,7.54,-3.63,1.53,0.51,-0.16
1232571,0.18,7.08,-4.35,0.86,0.32,-0.09
1232584,-0.01,7.23,-4.64,0.14,0.11,-0.03
1232598,-0.12,7.45,-4.6,-0.57,-0.07,-0.01
1232612,-0.16,7.72,-4.1,-1.16,-0.19,0.02
1232626,-0.1,8.12,-3.5,-1.53,-0.3,0.04
1232639,-0.09,8.83,-2.87,-1.75,-0.39,0.07
1232653,-0.16,9.26,-2.39,-1.85,-0.44,0.08
1232667,-0.19,9.5,-1.95,-1.82,-0.45,0.09
1232680,-0.23,9.65,-1.62,-1.7,-0.44,0.1
1232694,-0.29,9.96,-1.36,-1.48,-0.42,0.09
1232708,-0.3,10.11,-1.09,-1.24,-0.38,0.08
1232721,-0.33,9.92,-1.07,-0.97,-0.31,0.09
1232735,-0.36,10.13,-1.08,-0.68,-0.23,0.05
1232749,-0.37,10.13,-1.11,-0.47,-0.16,0.02
1232762,-0.4,10.06,-1.02,-0.24,-0.09,-0.0
1232776,-0.42,10.08,-1.07,0.01,-0.01,-0.02
1232790,-0.46,10.08,-1.2,0.21,0.08,-0.04
1232803,-0.43,10.04,-1.27,0.42,0.17,-0.06
1232817,-0.43,9.9,-1.37,0.6,0.25,-0.07
1232831,-0.42,9.93,-1.44,0.79,0.33,-0.09
1232844,-0.42,10.0,-1.48,0.98,0.42,-0.11
1232858,-0.27,9.72,-1.5,1.17,0.5,-0.12
1232872,-0.17,9.48,-1.68,1.35,0.54,-0.12
1232886,0.03,9.29,-1.87,1.49,0.53,-0.12
1232899,0.04,8.62,-2.6,1.45,0.48,-0.1
1232913,0.06,8.46,-3.11,1.26,0.4,-0.1
1232927,0.06,8.03,-3.51,0.83,0.29,-0.08
1232940,0.04,7.35,-4.06,0.28,0.18,-0.03
1232954,0.15,7.5,-4.11,-0.28,0.05,-0.03
1232968,0.22,7.65,-3.89,-0.97,-0.13,-0.02
1232981,0.14,7.91,-3.48,-1.52,-0.34,0.01
1232995,-0.02,8.48,-2.94,-1.86,-0.52,0.05
1233009,-0.24,9.07,-2.35,-2.05,-0.67,0.09
1233022,-0.28,9.65,-1.72,-2.02,-0.71,0.12
1233036,-0.35,10.09,-1.2,-1.83,-0.67,0.13
1233050,-0.47,10.45,-0.84,-1.47,-0.56,0.12
1233063,-0.48,10.61,-0.6,-1.03,-0.39,0.09
1233077,-0.48,10.7,-0.46,-0.56,-0.23,0.05
1233091,-0.47,10.66,-0.45,-0.03,-0.07,-0.0
1233104,-0.44,10.46,-0.62,0.47,0.07,-0.05
1233118,-0.39,10.42,-0.8,0.87,0.17,-0.09
1233132,-0.46,10.15,-1.24,1.19,0.27,-0.11
1233145,-0.47,9.93,-1.7,1.42,0.39,-0.13
1233159,-0.53,9.73,-2.09,1.54,0.52,-0.16
1233173,-0.44,9.13,-2.45,1.52,0.67,-0.15
1233186,-0.31,8.37,-3.08,1.37,0.76,-0.12
1233200,0.0,8.24,-3.29,1.06,0.73,-0.13
1233214,0.17,7.98,-3.38,0.57,0.57,-0.11
1233227,0.2,7.93,-3.26,0.14,0.34,-0.07
1233241,0.25,7.92,-3.17,-0.24,0.13,-0.01
1233255,0.12,8.15,-3.18,-0.58,-0.07,0.03
1233268,0.08,8.5,-3.07,-0.92,-0.18,0.04
1233282,-0.02,8.56,-2.98,-1.19,-0.25,0.05
1233296,-0.04,8.76,-2.72,-1.42,-0.31,0.05
1233309,-0.01,8.84,-2.35,-1.63,-0.39,0.05
1233323,-0.0,9.16,-1.91,-1.73,-0.48,0.05
1233337,-0.09,9.58,-1.51,-1.74,-0.58,0.06
1233350,-0.24,9.93,-1.1,-1.62,-0.63,0.07
1233364,-0.34,10.19,-0.76,-1.38,-0.6,0.08
1233378,-0.45,10.46,-0.55,-1.02,-0.5,0.06
1233392,-0.5,10.61,-0.42,-0.6,-0.34,0.03
1233405,-0.53,10.7,-0.39,-0.17,-0.18,-0.01
1233419,-0.56,10.63,-0.48,0.29,0.0,-0.05
1233433,-0.51,10.67,-0.53,0.73,0.16,-0.09
1233446,-0.48,10.47,-0.74,1.11,0.28,-0.12
1233460,-0.43,10.43,-0.86,1.5,0.42,-0.15
1233474,-0.46,10.34,-1.13,1.85,0.56,-0.19
1233487,-0.44,10.03,-1.44,2.15,0.7,-0.21
1233501,-0.26,9.63,-1.78,2.43,0.82,-0.24
1233515,-0.07,8.97,-2.23,2.56,0.87,-0.24
1233528,0.08,8.31,-2.85,2.5,0.82,-0.22
1233542,0.12,7.72,-3.71,2.22,0.7,-0.17
1233556,0.17,7.4,-4.34,1.74,0.53,-0.12
1233569,0.18,6.87,-4.84,1.12,0.35,-0.06
1233583,0.21,6.44,-5.27,0.36,0.16,-0.01
1233597,0.24,6.5,-5.4,-0.44,-0.04,0.02
1233610,0.2,6.94,-5.07,-1.15,-0.23,0.02
1233624,0.04,7.43,-4.54,-1.78,-0.43,0.03
1233638,-0.05,7.86,-3.84,-2.22,-0.59,0.07
1233651,-0.17,8.51,-3.23,-2.4,-0.7,0.1
1233665,-0.16,9.34,-2.57,-2.42,-0.76,0.12
1233679,-0.36,9.88,-1.99,-2.29,-0.76,0.12
1233692,-0.44,10.11,-1.52,-2.04,-0.69,0.12
1233706,-0.51,10.38,-1.16,-1.63,-0.57,0.11
1233720,-0.55,10.67,-0.94,-1.12,-0.4,0.09
1233733,-0.59,10.86,-0.8,-0.58,-0.23,0.05
1233747,-0.62,10.87,-0.83,0.0,-0.03,-0.0
1233761,-0.63,10.66,-1.02,0.56,0.18,-0.05
1233774,-0.49,10.23,-1.24,0.98,0.35,-0.09
1233788,-0.36,9.81,-1.62,1.32,0.47,-0.11
1233802,-0.29,9.55,-2.03,1.51,0.53,-0.13
1233815,-0.21,9.43,-2.3,1.61,0.54,-0.14
1233829,-0.22,9.28,-2.53,1.67,0.53,-0.15
1233843,-0.23,9.17,-2.76,1.72,0.53,-0.16
1233857,-0.16,8.97,-2.91,1.76,0.54,-0.16
1233870,-0.03,8.49,-3.18,1.75,0.53,-0.15
1233884,-0.01,7.89,-3.89,1.61,0.49,-0.11
1233898,0.05,7.7,-4.44,1.32,0.41,-0.1
1233911,0.06,7.36,-4.83,0.84,0.29,-0.08
1233925,0.07,7.14,-4.97,0.33,0.15,-0.06
1233939,0.04,7.18,-4.99,-0.13,0.01,-0.03
1233952,-0.02,7.55,-4.76,-0.56,-0.12,-0.01
1233966,-0.06,7.89,-4.45,-0.91,-0.21,0.01
1233980,-0.09,8.1,-4.18,-1.14,-0.27,0.02
1233993,-0.13,8.32,-3.93,-1.31,-0.32,0.04
1234007,-0.16,8.57,-3.69,-1.44,-0.36,0.06
1234021,-0.22,8.79,-3.41,-1.51,-0.4,0.07
1234034,-0.29,9.02,-3.08,-1.5,-0.43,0.08
1234048,-0.32,9.33,-2.78,-1.39,-0.43,0.09
1234062,-0.34,9.67,-2.49,-1.18,-0.39,0.08
1234076,-0.38,9.88,-2.3,-0.94,-0.33,0.07
1234089,-0.46,10.01,-2.13,-0.61,-0.23,0.04
1234103,-0.55,10.09,-2.12,-0.25,-0.1,0.0
1234117,-0.57,10.08,-2.11,0.11,0.03,-0.03
1234130,-0.44,10.01,-2.1,0.49,0.15,-0.06
1234144,-0.43,9.91,-2.25,0.84,0.25,-0.08
1234158,-0.4,9.83,-2.39,1.13,0.34,-0.1
1234171,-0.29,9.26,-2.77,1.32,0.43,-0.1
1234185,-0.27,8.71,-3.36,1.39,0.5,-0.11
1234199,-0.11,8.35,-3.74,1.26,0.5,-0.11
1234212,-0.03,7.74,-4.16,0.94,0.43,-0.08
1234226,0.03,7.44,-4.5,0.55,0.29,-0.06
1234240,0.08,7.51,-4.54,0.14,0.14,-0.04
1234254,0.04,7.53,-4.43,-0.33,-0.02,-0.01
1234267,-0.01,7.8,-4.24,-0.69,-0.14,0.01
1234281,-0.08,8.13,-4.09,-0.97,-0.2,0.03
1234295,-0.12,8.39,-3.84,-1.21,-0.24,0.03
1234308,-0.13,8.58,-3.52,-1.37,-0.28,0.03
1234322,-0.19,8.84,-3.14,-1.44,-0.33,0.05
1234336,-0.23,9.14,-2.83,-1.4,-0.37,0.07
1234349,-0.29,9.52,-2.53,-1.25,-0.39,0.08
1234363,-0.38,9.78,-2.27,-1.05,-0.36,0.08
1234377,-0.41,9.95,-2.1,-0.76,-0.28,0.06
1234390,-0.43,10.13,-1.91,-0.4,-0.18,0.03
1234404,-0.43,10.11,-1.9,-0.05,-0.07,0.0
1234418,-0.5,10.17,-2.02,0.37,0.05,-0.04
1234431,-0.54,10.13,-2.21,0.73,0.18,-0.08
1234445,-0.44,9.84,-2.32,1.02,0.3,-0.1
1234459,-0.33,9.59,-2.51,1.3,0.4,-0.11
1234472,-0.29,9.2,-2.86,1.49,0.47,-0.13
1234486,-0.21,8.96,-3.22,1.57,0.5,-0.14
1234500,-0.1,8.47,-3.56,1.5,0.5,-0.14
1234513,-0.06,8.13,-3.89,1.39,0.44,-0.12
1234527,0.06,7.88,-4.16,1.18,0.35,-0.1
1234541,0.03,7.41,-4.58,0.84,0.24,-0.05
1234554,0.08,7.23,-4.96,0.44,0.15,-0.03
1234568,0.1,6.87,-5.36,-0.18,0.05,0.0
1234582,0.08,6.85,-5.37,-0.83,-0.05,0.01
1234595,0.06,7.12,-5.01,-1.39,-0.18,0.0
1234609,-0.04,7.55,-4.38,-1.85,-0.34,0.03
1234623,-0.08,8.14,-3.74,-2.11,-0.49,0.08
1234636,-0.16,8.83,-3.13,-2.17,-0.6,0.1
1234650,-0.15,9.44,-2.58,-2.09,-0.64,0.13
1234664,-0.36,9.97,-2.15,-1.87,-0.62,0.13
1234677,-0.44,10.21,-1.87,-1.56,-0.52,0.11
1234691,-0.5,10.27,-1.61,-1.14,-0.38,0.08
1234705,-0.56,10.37,-1.53,-0.64,-0.23,0.05
1234718,-0.49,10.49,-1.42,-0.16,-0.09,0.02
1234732,-0.47,10.35,-1.58,0.34,0.06,-0.02
1234746,-0.44,10.29,-1.81,0.78,0.18,-0.06
1234759,-0.42,9.89,-2.13,1.07,0.3,-0.09
1234773,-0.33,9.58,-2.44,1.31,0.4,-0.12
1234787,-0.23,9.33,-2.67,1.45,0.46,-0.15
1234800,-0.2,9.03,-2.92,1.53,0.48,-0.16
1234814,-0.16,8.87,-3.13,1.57,0.47,-0.16
1234828,-0.12,8.79,-3.31,1.59,0.44,-0.16
1234842,-0.1,8.37,-3.64,1.54,0.41,-0.13
1234855,-0.12,8.18,-4.11,1.46,0.37,-0.11
1234869,-0.02,7.95,-4.39,1.24,0.31,-0.1
1234883,-0.01,7.34,-4.75,0.93,0.24,-0.05
1234896,-0.05,7.25,-5.12,0.58,0.15,-0.04
1234910,-0.02,7.15,-5.29,0.11,0.06,-0.02
1234924,-0.06,7.21,-5.23,-0.31,-0.01,-0.01
1234937,-0.06,7.35,-5.07,-0.73,-0.1,0.01
1234951,-0.06,7.67,-4.72,-1.06,-0.18,0.02
1234965,-0.08,7.88,-4.45,-1.32,-0.25,0.04
1234978,-0.14,8.14,-4.22,-1.52,-0.31,0.06
1234992,-0.17,8.61,-3.82,-1.63,-0.36,0.07
1235006,-0.25,8.86,-3.47,-1.64,-0.39,0.09
1235019,-0.3,9.17,-3.1,-1.52,-0.39,0.09
1235033,-0.31,9.5,-2.8,-1.31,-0.36,0.09
1235047,-0.36,9.74,-2.6,-1.06,-0.31,0.07
1235060,-0.39,9.86,-2.44,-0.74,-0.22,0.05
1235074,-0.43,10.03,-2.35,-0.37,-0.12,0.02
1235088,-0.48,10.0,-2.37,-0.02,-0.01,-0.0
1235101,-0.45,9.98,-2.44,0.37,0.11,-0.05
1235115,-0.49,9.85,-2.63,0.72,0.23,-0.08
1235129,-0.44,9.65,-2.8,0.98,0.36,-0.1
1235142,-0.27,9.3,-2.96,1.2,0.45,-0.12
1235156,-0.12,8.97,-3.17,1.35,0.49,-0.14
1235170,0.02,8.61,-3.36,1.39,0.46,-0.14
1235183,0.04,7.99,-3.95,1.27,0.39,-0.1
1235197,0.05,7.83,-4.47,1.05,0.29,-0.08
1235211,0.02,7.49,-4.83,0.68,0.19,-0.06
1235224,-0.02,7.08,-5.11,0.23,0.1,-0.03
1235238,0.03,7.06,-5.21,-0.26,0.0,-0.01
1235252,0.04,7.24,-5.09,-0.74,-0.09,-0.0
1235265,0.01,7.42,-4.79,-1.22,-0.19,0.01
1235279,-0.08,7.8,-4.37,-1.57,-0.3,0.02
1235293,-0.14,8.19,-3.9,-1.8,-0.39,0.05
1235306,-0.17,8.67,-3.43,-1.91,-0.46,0.08
1235320,-0.22,9.21,-2.94,-1.86,-0.5,0.09
1235334,-0.24,9.48,-2.62,-1.74,-0.5,0.11
1235347,-0.37,9.77,-2.33,-1.51,-0.45,0.09
1235361,-0.39,9.94,-2.05,-1.21,-0.37,0.07
1235375,-0.43,10.06,-1.94,-0.88,-0.27,0.06
1235388,-0.47,10.18,-1.8,-0.46,-0.17,0.02
1235402,-0.46,10.21,-1.76,-0.05,-0.05,-0.01
1235416,-0.52,10.25,-1.85,0.38,0.07,-0.05
1235430,-0.49,10.13,-2.02,0.76,0.2,-0.09
1235443,-0.46,9.86,-2.25,1.08,0.34,-0.11
1235457,-0.35,9.45,-2.61,1.29,0.46,-0.12
1235471,-0.2,9.1,-2.98,1.4,0.52,-0.14
1235484,-0.14,8.74,-3.24,1.38,0.52,-0.15
1235498,-0.12,8.52,-3.42,1.33,0.46,-0.14
1235512,-0.04,8.27,-3.63,1.22,0.39,-0.11
1235526,-0.03,8.0,-4.03,1.04,0.31,-0.07
1235539,0.04,7.89,-4.35,0.76,0.22,-0.05
1235553,0.03,7.42,-4.71,0.35,0.14,-0.02
1235567,0.02,7.19,-5.0,-0.13,0.05,-0.01
1235580,0.03,7.29,-4.94,-0.67,-0.05,-0.0
