miliseg,AcX,AcY,AcZ,GyX,GyY,GyZ
608276,1.59,8.83,-3.86,0.48,0.01,-0.06
608289,1.61,8.6,-4.02,0.65,-0.02,-0.05
608303,1.58,8.45,-4.22,0.78,-0.05,-0.05
608317,1.49,8.26,-4.55,0.86,-0.06,-0.05
608330,1.45,8.14,-4.82,0.91,-0.04,-0.07
608344,1.44,7.84,-4.99,0.89,-0.02,-0.1
608358,1.46,7.6,-5.08,0.8,-0.01,-0.1
608371,1.48,7.51,-5.23,0.67,-0.01,-0.08
608385,1.47,7.47,-5.27,0.49,-0.02,-0.06
608399,1.43,7.51,-5.3,0.33,-0.02,-0.06
608412,1.42,7.5,-5.35,0.2,-0.01,-0.06
608426,1.4,7.51,-5.35,0.08,0.01,-0.05
608440,1.41,7.38,-5.4,-0.1,0.05,-0.05
608453,1.39,7.24,-5.45,-0.33,0.08,-0.04
608467,1.41,7.01,-5.58,-0.71,0.14,-0.03
608481,1.5,7.17,-5.51,-1.08,0.17,-0.02
608494,1.57,7.41,-5.23,-1.33,0.14,0.0
608508,1.58,7.85,-4.85,-1.4,0.08,0.04
608522,1.54,8.18,-4.38,-1.38,0.03,0.07
608535,1.56,8.69,-4.09,-1.21,-0.02,0.08
608549,1.55,9.0,-3.87,-0.95,-0.06,0.08
608563,1.46,8.98,-3.68,-0.7,-0.07,0.08
608576,1.49,9.15,-3.6,-0.4,-0.06,0.05
608590,1.5,9.29,-3.61,-0.1,-0.04,0.01
608604,1.51,9.08,-3.64,0.15,-0.01,-0.01
608617,1.57,8.99,-3.74,0.39,-0.01,-0.04
608631,1.57,8.87,-4.05,0.61,-0.03,-0.05
608645,1.51,8.66,-4.29,0.82,-0.03,-0.06
608658,1.46,8.32,-4.52,0.98,-0.03,-0.07
608672,1.43,8.04,-4.76,1.06,-0.03,-0.09
608686,1.49,7.81,-4.92,1.04,-0.03,-0.09
608699,1.46,7.64,-5.11,0.95,-0.03,-0.08
608713,1.47,7.41,-5.23,0.76,-0.04,-0.05
608727,1.41,7.2,-5.41,0.5,-0.02,-0.04
608740,1.35,6.66,-5.81,0.04,0.06,-0.05
608754,1.41,6.78,-6.03,-0.43,0.12,-0.06
608768,1.44,6.54,-5.9,-0.91,0.17,-0.04
608781,1.53,6.89,-5.54,-1.33,0.16,-0.01
608795,1.6,7.57,-5.08,-1.56,0.1,0.03
608809,1.58,8.03,-4.6,-1.61,0.05,0.06
608822,1.63,8.57,-4.14,-1.51,-0.02,0.09
608836,1.55,9.02,-3.77,-1.24,-0.07,0.09
608850,1.47,9.15,-3.49,-0.96,-0.09,0.1
608863,1.53,9.37,-3.32,-0.62,-0.09,0.08
608877,1.54,9.63,-3.3,-0.25,-0.06,0.04
608891,1.54,9.46,-3.33,0.09,-0.02,-0.01
608904,1.54,9.24,-3.52,0.43,0.01,-0.06
608918,1.6,8.97,-3.75,0.72,0.01,-0.08
608932,1.6,8.75,-3.93,0.97,-0.03,-0.07
608945,1.56,8.59,-4.16,1.2,-0.07,-0.07
608959,1.48,8.35,-4.52,1.35,-0.08,-0.08
608973,1.45,8.03,-4.84,1.4,-0.07,-0.09
608986,1.45,7.68,-5.15,1.34,-0.04,-0.11
609000,1.47,7.21,-5.47,1.14,-0.02,-0.11
609014,1.44,6.83,-5.7,0.83,-0.01,-0.09
609027,1.41,6.51,-5.88,0.37,0.03,-0.07
609041,1.41,6.5,-6.01,-0.1,0.05,-0.05
609055,1.41,6.78,-5.97,-0.46,0.06,-0.03
609069,1.38,6.89,-5.67,-0.79,0.08,-0.01
609082,1.43,7.23,-5.39,-1.05,0.1,-0.0
609096,1.48,7.62,-5.11,-1.22,0.11,0.0
609110,1.59,8.1,-4.82,-1.26,0.08,0.02
609123,1.55,8.44,-4.48,-1.17,0.04,0.03
609137,1.5,8.56,-4.21,-1.0,0.0,0.05
609151,1.5,8.74,-4.1,-0.77,-0.02,0.05
609164,1.5,8.96,-4.06,-0.49,-0.02,0.03
609178,1.47,8.97,-4.03,-0.22,-0.01,0.0
609192,1.49,8.71,-4.01,0.0,0.0,-0.02
609205,1.52,8.63,-4.14,0.17,0.01,-0.03
609219,1.56,8.64,-4.3,0.33,0.0,-0.04
609233,1.53,8.42,-4.41,0.47,-0.02,-0.04
609246,1.5,8.22,-4.61,0.55,-0.03,-0.03
609260,1.45,8.08,-4.84,0.61,-0.03,-0.04
609274,1.49,7.91,-4.97,0.62,-0.03,-0.04
609287,1.47,7.73,-5.01,0.58,-0.03,-0.05
609301,1.47,7.64,-5.12,0.51,-0.03,-0.05
609315,1.46,7.65,-5.16,0.41,-0.02,-0.05
609328,1.46,7.56,-5.25,0.3,-0.01,-0.04
609342,1.45,7.38,-5.37,0.1,0.02,-0.03
609356,1.43,7.32,-5.54,-0.1,0.04,-0.04
609369,1.37,7.06,-5.65,-0.37,0.08,-0.05
609383,1.46,7.07,-5.58,-0.69,0.12,-0.04
609397,1.52,7.27,-5.36,-0.99,0.12,-0.02
609410,1.54,7.65,-5.06,-1.14,0.09,0.01
609424,1.52,8.06,-4.72,-1.15,0.04,0.03
609438,1.53,8.39,-4.33,-1.04,0.0,0.05
609451,1.57,8.66,-4.07,-0.88,-0.03,0.07
609465,1.55,8.98,-3.95,-0.64,-0.06,0.06
609479,1.49,9.09,-3.86,-0.37,-0.05,0.04
609492,1.5,9.05,-3.84,-0.11,-0.03,0.01
609506,1.49,8.89,-3.92,0.15,-0.0,-0.02
609520,1.53,8.79,-4.08,0.37,0.01,-0.05
609533,1.57,8.6,-4.19,0.53,-0.0,-0.05
609547,1.53,8.33,-4.41,0.67,-0.03,-0.05
609561,1.54,8.14,-4.7,0.75,-0.05,-0.04
609574,1.5,7.97,-4.91,0.79,-0.06,-0.05
609588,1.44,7.78,-5.07,0.77,-0.05,-0.06
609602,1.39,7.61,-5.25,0.71,-0.04,-0.06
609616,1.45,7.5,-5.37,0.61,-0.03,-0.05
609629,1.45,7.39,-5.46,0.44,-0.02,-0.05
609643,1.45,7.34,-5.52,0.26,-0.01,-0.05
609657,1.41,7.22,-5.55,0.06,0.02,-0.04
609670,1.41,7.17,-5.53,-0.15,0.04,-0.03
609684,1.43,7.34,-5.53,-0.34,0.05,-0.03
609698,1.38,7.07,-5.51,-0.62,0.09,-0.02
609711,1.45,7.12,-5.47,-0.93,0.14,-0.02
609725,1.57,7.44,-5.27,-1.21,0.14,-0.01
609738,1.61,7.75,-5.02,-1.34,0.1,0.01
609752,1.57,8.16,-4.62,-1.31,0.04,0.04
609766,1.54,8.43,-4.26,-1.18,-0.01,0.07
609779,1.54,8.79,-3.98,-0.97,-0.05,0.08
609793,1.54,9.14,-3.81,-0.68,-0.07,0.06
609807,1.51,9.15,-3.69,-0.39,-0.06,0.05
609820,1.53,9.19,-3.64,-0.07,-0.04,0.02
609834,1.52,9.05,-3.82,0.22,-0.02,-0.02
609848,1.56,8.96,-4.0,0.46,-0.0,-0.05
609861,1.57,8.7,-4.13,0.68,-0.01,-0.06
609875,1.6,8.46,-4.33,0.88,-0.04,-0.06
609889,1.57,8.28,-4.6,1.0,-0.07,-0.06
609902,1.46,8.04,-4.88,1.07,-0.08,-0.07
609916,1.42,7.78,-5.14,1.09,-0.06,-0.08
609930,1.43,7.48,-5.36,1.02,-0.04,-0.09
609943,1.41,7.25,-5.58,0.87,-0.03,-0.09
609957,1.45,6.97,-5.72,0.62,-0.01,-0.08
609971,1.46,6.81,-5.84,0.29,0.01,-0.06
609984,1.43,6.74,-5.91,-0.07,0.02,-0.03
609998,1.38,7.05,-5.8,-0.32,0.03,-0.02
610012,1.38,7.18,-5.57,-0.5,0.04,-0.01
610025,1.42,7.3,-5.44,-0.67,0.08,-0.01
610039,1.44,7.37,-5.44,-0.92,0.13,-0.02
610053,1.52,7.44,-5.3,-1.16,0.15,-0.02
610066,1.62,7.78,-5.09,-1.3,0.12,0.0
610080,1.54,8.03,-4.8,-1.28,0.07,0.03
610094,1.5,8.27,-4.53,-1.16,0.03,0.05
610107,1.5,8.47,-4.27,-0.98,-0.01,0.06
610121,1.52,8.77,-4.07,-0.77,-0.03,0.05
610135,1.56,8.99,-3.98,-0.54,-0.04,0.04
610148,1.52,9.01,-3.83,-0.28,-0.04,0.03
610162,1.53,9.0,-3.85,-0.02,-0.02,0.0
610176,1.51,8.85,-4.0,0.19,-0.0,-0.03
610189,1.58,8.72,-4.18,0.41,0.0,-0.05
610203,1.6,8.48,-4.3,0.6,-0.02,-0.05
610217,1.52,8.3,-4.53,0.74,-0.05,-0.04
610230,1.49,8.16,-4.8,0.82,-0.06,-0.04
610244,1.47,7.97,-4.97,0.85,-0.06,-0.05
610258,1.44,7.78,-5.11,0.82,-0.04,-0.06
610271,1.46,7.55,-5.27,0.74,-0.03,-0.07
610285,1.49,7.38,-5.32,0.59,-0.02,-0.07
610299,1.52,7.34,-5.4,0.41,-0.02,-0.06
610312,1.47,7.27,-5.46,0.21,-0.01,-0.05
610326,1.42,7.18,-5.6,-0.01,0.01,-0.04
610340,1.4,7.22,-5.7,-0.23,0.05,-0.04
610353,1.37,6.95,-5.7,-0.55,0.11,-0.05
610367,1.43,6.91,-5.69,-0.91,0.16,-0.05
610381,1.58,7.27,-5.42,-1.23,0.15,-0.03
610394,1.59,7.73,-5.07,-1.36,0.09,0.01
610408,1.52,8.1,-4.64,-1.31,0.03,0.04
610422,1.5,8.44,-4.26,-1.15,-0.02,0.07
610435,1.58,8.81,-4.02,-0.92,-0.06,0.08
610449,1.55,9.11,-3.86,-0.65,-0.07,0.06
610463,1.52,9.18,-3.72,-0.32,-0.06,0.04
610477,1.5,9.16,-3.74,-0.02,-0.04,0.01
610491,1.51,9.01,-3.87,0.28,-0.0,-0.03
610504,1.54,8.91,-4.06,0.56,0.0,-0.06
610518,1.57,8.6,-4.21,0.78,-0.02,-0.05
610532,1.57,8.36,-4.42,0.96,-0.06,-0.05
610545,1.55,8.16,-4.67,1.05,-0.09,-0.05
610559,1.48,7.97,-5.07,1.11,-0.08,-0.06
610573,1.46,7.67,-5.39,1.1,-0.05,-0.08
610586,1.41,7.34,-5.57,1.01,-0.03,-0.1
610600,1.44,6.94,-5.69,0.79,-0.01,-0.11
610614,1.45,6.78,-5.87,0.45,-0.02,-0.08
610627,1.39,6.83,-5.87,0.15,-0.01,-0.06
610641,1.29,6.95,-5.79,-0.11,0.01,-0.03
610655,1.38,7.32,-5.64,-0.24,0.02,-0.01
610668,1.44,7.52,-5.46,-0.32,0.02,-0.01
610682,1.4,7.45,-5.37,-0.4,0.05,-0.01
610696,1.39,7.37,-5.49,-0.58,0.1,-0.02
610709,1.44,7.16,-5.57,-0.84,0.15,-0.02
610723,1.53,7.39,-5.49,-1.08,0.15,-0.02
610737,1.57,7.67,-5.22,-1.15,0.09,0.01
610750,1.52,7.87,-4.87,-1.1,0.03,0.04
610764,1.5,8.24,-4.59,-0.95,-0.01,0.06
610778,1.49,8.65,-4.34,-0.75,-0.03,0.06
610791,1.55,8.86,-4.21,-0.51,-0.04,0.04
610805,1.55,8.96,-4.21,-0.22,-0.03,0.02
610819,1.49,8.7,-4.22,0.03,0.0,-0.02
610832,1.53,8.51,-4.35,0.21,0.01,-0.04
610846,1.56,8.43,-4.55,0.39,-0.0,-0.05
610860,1.5,8.11,-4.7,0.52,-0.03,-0.03
610873,1.46,8.03,-4.87,0.61,-0.05,-0.03
610887,1.46,7.91,-4.98,0.64,-0.05,-0.04
610901,1.46,7.85,-5.12,0.65,-0.04,-0.07
610914,1.5,7.74,-5.23,0.63,-0.02,-0.07
610928,1.49,7.6,-5.34,0.54,-0.01,-0.07
610942,1.5,7.45,-5.39,0.42,-0.01,-0.06
610955,1.46,7.35,-5.46,0.29,-0.01,-0.04
610969,1.39,7.1,-5.62,0.07,0.0,-0.04
610983,1.39,7.14,-5.69,-0.12,0.02,-0.03
610996,1.31,6.94,-5.77,-0.36,0.07,-0.03
611010,1.39,6.83,-5.79,-0.72,0.14,-0.04
611024,1.56,7.07,-5.69,-1.09,0.17,-0.03
611037,1.62,7.5,-5.38,-1.28,0.12,-0.01
611051,1.55,7.86,-4.89,-1.3,0.05,0.03
611065,1.46,8.22,-4.49,-1.18,-0.01,0.06
611078,1.44,8.64,-4.22,-0.96,-0.04,0.06
611092,1.48,8.94,-4.09,-0.67,-0.05,0.05
611106,1.5,9.04,-4.02,-0.37,-0.05,0.03
611119,1.49,9.02,-4.12,-0.09,-0.02,0.0
611133,1.48,8.73,-4.22,0.15,0.02,-0.03
611147,1.56,8.63,-4.32,0.37,0.02,-0.05
611160,1.56,8.39,-4.45,0.5,-0.0,-0.05
611174,1.51,8.14,-4.61,0.61,-0.04,-0.03
611188,1.48,8.07,-4.76,0.7,-0.06,-0.02
611202,1.47,7.97,-4.91,0.74,-0.07,-0.03
611216,1.5,7.94,-5.05,0.77,-0.07,-0.04
611229,1.48,7.82,-5.18,0.76,-0.05,-0.06
611243,1.46,7.61,-5.37,0.72,-0.03,-0.07
611257,1.44,7.37,-5.54,0.63,-0.02,-0.07
611270,1.45,7.15,-5.68,0.46,-0.02,-0.07
611284,1.43,7.05,-5.75,0.27,-0.02,-0.07
611298,1.36,7.02,-5.74,0.09,-0.0,-0.05
611311,1.35,7.05,-5.75,-0.1,0.03,-0.05
611325,1.34,7.07,-5.75,-0.31,0.07,-0.05
611339,1.25,6.74,-5.89,-0.66,0.16,-0.06
611352,1.47,6.9,-5.86,-1.09,0.23,-0.07
611366,1.67,7.27,-5.57,-1.39,0.19,-0.06
611380,1.57,7.58,-5.24,-1.5,0.11,-0.02
611393,1.48,8.03,-4.81,-1.42,0.04,0.04
611407,1.43,8.42,-4.36,-1.23,-0.01,0.07
611421,1.46,8.62,-4.13,-1.05,-0.02,0.07
611434,1.53,9.0,-4.02,-0.76,-0.02,0.04
611448,1.52,9.08,-4.02,-0.48,-0.02,0.02
611462,1.44,8.78,-4.02,-0.24,-0.0,0.01
611475,1.49,8.69,-4.14,-0.06,0.02,-0.01
611489,1.53,8.6,-4.28,0.06,0.03,-0.02
611503,1.51,8.36,-4.39,0.15,0.02,-0.02
611516,1.51,8.17,-4.46,0.18,0.01,-0.02
611530,1.53,8.22,-4.53,0.21,-0.01,-0.02
611544,1.56,8.3,-4.54,0.29,-0.03,-0.02
611557,1.53,8.32,-4.49,0.4,-0.05,-0.01
611571,1.53,8.46,-4.52,0.59,-0.08,-0.01
611585,1.5,8.46,-4.58,0.8,-0.11,-0.02
611598,1.46,8.32,-4.69,0.99,-0.1,-0.03
611612,1.41,8.13,-4.9,1.1,-0.08,-0.06
611626,1.4,7.82,-5.14,1.13,-0.05,-0.09
611639,1.44,7.53,-5.4,1.07,-0.02,-0.11
611653,1.57,7.12,-5.69,0.86,-0.04,-0.1
611667,1.49,6.8,-5.93,0.57,-0.05,-0.08
611680,1.28,6.38,-6.12,0.16,-0.01,-0.05
611694,1.17,6.23,-6.26,-0.24,0.08,-0.03
611708,1.19,6.3,-6.33,-0.74,0.2,-0.05
611721,1.45,6.43,-6.18,-1.26,0.28,-0.04
611735,1.67,6.95,-5.81,-1.64,0.23,-0.03
611749,1.69,7.47,-5.32,-1.83,0.12,0.01
611762,1.53,7.94,-4.78,-1.82,0.02,0.07
611776,1.44,8.43,-4.27,-1.64,-0.04,0.11
611790,1.55,8.83,-3.96,-1.35,-0.09,0.12
611803,1.5,9.19,-3.68,-0.99,-0.11,0.12
611817,1.51,9.39,-3.59,-0.65,-0.1,0.09
611831,1.53,9.51,-3.47,-0.25,-0.08,0.05
611844,1.5,9.39,-3.54,0.15,-0.04,0.0
611858,1.51,9.29,-3.68,0.54,-0.02,-0.04
611872,1.52,9.09,-3.96,0.94,-0.02,-0.06
611885,1.5,8.73,-4.26,1.29,-0.04,-0.07
611899,1.5,8.4,-4.58,1.53,-0.06,-0.08
611913,1.49,7.98,-4.85,1.67,-0.08,-0.09
611927,1.47,7.52,-5.22,1.64,-0.08,-0.08
611941,1.52,7.06,-5.71,1.42,-0.08,-0.09
611954,1.53,6.65,-6.12,1.04,-0.09,-0.1
611968,1.39,6.3,-6.4,0.61,-0.05,-0.08
611982,1.2,5.95,-6.42,0.14,0.02,-0.04
611995,1.22,6.04,-6.32,-0.29,0.07,-0.03
612009,1.32,6.47,-6.24,-0.68,0.12,-0.02
612023,1.4,6.93,-5.93,-0.97,0.14,-0.01
612036,1.47,7.26,-5.57,-1.17,0.15,0.01
612050,1.58,7.81,-5.24,-1.24,0.11,0.01
612064,1.58,8.06,-4.9,-1.23,0.06,0.02
612077,1.5,8.2,-4.66,-1.12,0.03,0.04
612091,1.43,8.1,-4.61,-1.06,0.04,0.05
612105,1.52,8.43,-4.63,-0.91,0.05,0.03
612118,1.57,8.55,-4.6,-0.74,0.03,0.02
612132,1.5,8.47,-4.42,-0.52,0.01,0.02
612146,1.52,8.52,-4.34,-0.3,-0.01,0.02
612159,1.52,8.54,-4.31,-0.13,-0.02,0.02
612173,1.54,8.61,-4.33,0.05,-0.02,0.0
612187,1.56,8.59,-4.43,0.23,-0.02,-0.02
612200,1.54,8.5,-4.55,0.42,-0.03,-0.03
612214,1.53,8.2,-4.72,0.57,-0.03,-0.03
612228,1.53,8.05,-4.88,0.68,-0.04,-0.04
612241,1.49,7.89,-5.0,0.74,-0.05,-0.04
612255,1.46,7.79,-5.11,0.78,-0.06,-0.05
612269,1.43,7.68,-5.24,0.75,-0.06,-0.06
612282,1.45,7.54,-5.35,0.67,-0.04,-0.06
612296,1.47,7.25,-5.55,0.47,-0.01,-0.06
612310,1.47,6.97,-5.78,0.19,0.02,-0.05
612323,1.39,6.79,-5.94,-0.13,0.05,-0.05
612337,1.34,6.69,-5.98,-0.48,0.1,-0.04
612351,1.41,6.84,-5.81,-0.79,0.12,-0.03
612364,1.53,7.15,-5.57,-1.07,0.11,-0.01
612378,1.58,7.64,-5.24,-1.2,0.07,0.01
612392,1.56,8.02,-4.87,-1.18,0.03,0.03
612405,1.51,8.35,-4.51,-1.04,-0.01,0.05
612419,1.5,8.64,-4.28,-0.81,-0.02,0.05
612433,1.49,8.82,-4.17,-0.57,-0.03,0.04
612446,1.54,8.87,-4.12,-0.29,-0.03,0.03
612460,1.52,8.8,-4.16,-0.03,-0.03,0.01
612474,1.5,8.65,-4.25,0.18,-0.01,-0.02
612487,1.56,8.58,-4.41,0.38,-0.0,-0.04
612501,1.59,8.32,-4.51,0.53,-0.03,-0.03
612515,1.52,8.1,-4.68,0.63,-0.06,-0.02
612528,1.51,8.08,-4.91,0.73,-0.08,-0.02
612542,1.48,8.01,-5.15,0.82,-0.08,-0.03
612556,1.45,7.72,-5.23,0.85,-0.06,-0.04
612569,1.43,7.46,-5.4,0.82,-0.06,-0.05
612583,1.47,7.26,-5.58,0.69,-0.05,-0.06
612597,1.47,7.14,-5.76,0.5,-0.05,-0.06
612610,1.45,7.04,-5.88,0.29,-0.03,-0.05
612624,1.36,6.88,-5.84,0.07,0.0,-0.04
612638,1.38,6.85,-5.83,-0.17,0.04,-0.03
612652,1.35,6.94,-5.89,-0.4,0.07,-0.03
612666,1.36,6.82,-5.87,-0.71,0.14,-0.03
612679,1.48,7.06,-5.75,-1.03,0.17,-0.03
612693,1.58,7.44,-5.52,-1.22,0.15,-0.03
612707,1.58,7.72,-5.2,-1.26,0.1,-0.0
612720,1.52,7.95,-4.78,-1.19,0.05,0.02
612734,1.51,8.29,-4.47,-1.03,0.02,0.04
612748,1.48,8.67,-4.27,-0.8,-0.01,0.04
612761,1.53,8.87,-4.16,-0.54,-0.02,0.04
612775,1.58,8.95,-4.07,-0.27,-0.04,0.03
612789,1.56,8.86,-4.11,0.01,-0.05,0.02
612802,1.52,8.64,-4.27,0.26,-0.03,-0.01
612816,1.56,8.65,-4.37,0.48,-0.03,-0.03
612830,1.61,8.4,-4.45,0.68,-0.05,-0.03
612843,1.6,8.2,-4.67,0.85,-0.09,-0.02
612857,1.51,8.1,-5.04,0.99,-0.1,-0.03
612871,1.47,7.8,-5.36,1.08,-0.09,-0.06
612884,1.46,7.39,-5.6,1.05,-0.06,-0.08
612898,1.44,6.9,-5.89,0.82,-0.06,-0.08
612912,1.4,6.63,-6.14,0.49,-0.04,-0.07
612925,1.32,6.39,-6.18,0.09,0.0,-0.03
612939,1.33,6.58,-6.08,-0.22,0.04,-0.02
612953,1.31,6.79,-5.98,-0.51,0.08,-0.03
612966,1.36,6.72,-5.91,-0.83,0.16,-0.03
612980,1.55,7.02,-5.75,-1.15,0.2,-0.04
612994,1.63,7.41,-5.46,-1.4,0.16,-0.03
613007,1.61,7.83,-5.07,-1.46,0.1,0.01
613021,1.52,8.05,-4.69,-1.4,0.05,0.04
613035,1.49,8.33,-4.39,-1.26,0.02,0.06
613048,1.52,8.79,-4.21,-1.03,-0.01,0.05
613062,1.57,8.88,-4.13,-0.79,-0.02,0.05
613076,1.5,8.83,-4.03,-0.58,-0.01,0.03
613089,1.54,8.93,-4.12,-0.33,0.01,-0.0
613103,1.52,8.84,-4.12,-0.09,0.02,-0.02
613117,1.52,8.54,-4.15,0.11,0.02,-0.03
613130,1.54,8.41,-4.28,0.22,0.01,-0.03
613144,1.57,8.45,-4.37,0.33,-0.01,-0.03
613158,1.57,8.4,-4.42,0.46,-0.04,-0.02
613171,1.58,8.53,-4.43,0.65,-0.08,-0.02
613185,1.54,8.58,-4.43,0.9,-0.12,-0.01
613199,1.56,8.49,-4.43,1.17,-0.15,-0.03
613212,1.64,9.08,-4.58,1.69,-0.23,-0.05
613226,1.34,8.43,-4.72,2.02,-0.24,-0.09
613240,1.49,7.48,-5.23,1.97,-0.22,-0.16
613253,1.53,7.09,-5.95,1.74,-0.15,-0.21
613267,1.26,6.08,-6.6,1.27,-0.06,-0.18
613281,1.14,5.35,-6.99,0.67,0.06,-0.13
613294,1.21,5.09,-7.08,0.13,0.12,-0.09
613308,1.2,5.29,-7.07,-0.37,0.13,-0.04
613322,1.19,5.65,-6.67,-0.79,0.14,0.02
613335,1.25,6.35,-6.29,-1.07,0.15,0.05
613349,1.43,7.22,-5.92,-1.21,0.14,0.05
613362,1.51,7.74,-5.61,-1.23,0.13,0.04
613375,1.6,8.02,-5.31,-1.18,0.1,0.04
613389,1.55,7.97,-5.04,-1.11,0.07,0.05
613403,1.48,8.01,-4.97,-1.03,0.06,0.05
613416,1.38,7.98,-5.15,-0.98,0.08,0.03
613430,1.48,7.75,-5.18,-0.99,0.13,0.01
613444,1.58,7.9,-5.16,-0.96,0.11,-0.01
613457,1.58,7.84,-5.02,-0.9,0.08,-0.01
613471,1.55,7.95,-4.83,-0.79,0.03,0.01
613485,1.54,8.2,-4.64,-0.66,-0.0,0.02
613499,1.58,8.49,-4.42,-0.48,-0.03,0.02
613512,1.6,8.8,-4.27,-0.21,-0.06,0.02
613526,1.59,8.97,-4.15,0.13,-0.09,0.02
613540,1.52,9.1,-4.21,0.52,-0.11,0.01
613553,1.45,8.67,-4.36,0.86,-0.09,-0.02
613567,1.45,8.36,-4.68,1.12,-0.06,-0.06
613581,1.45,8.01,-5.05,1.26,-0.04,-0.09
613594,1.42,7.3,-5.48,1.18,0.0,-0.11
613608,1.5,6.54,-5.97,0.77,0.03,-0.1
613622,1.47,6.0,-6.38,0.2,0.08,-0.08
613635,1.36,6.13,-6.55,-0.38,0.12,-0.07
613649,1.37,6.21,-6.33,-0.89,0.16,-0.04
613663,1.49,6.75,-5.88,-1.25,0.14,-0.02
613677,1.59,7.33,-5.41,-1.45,0.09,0.0
613690,1.58,7.92,-4.93,-1.5,0.04,0.04
613704,1.55,8.35,-4.44,-1.38,-0.01,0.07
613718,1.5,8.72,-4.16,-1.15,-0.04,0.07
613731,1.51,8.96,-4.0,-0.83,-0.05,0.06
613745,1.57,9.11,-3.95,-0.5,-0.05,0.05
613759,1.49,9.11,-3.87,-0.19,-0.04,0.02
613772,1.5,8.93,-4.01,0.11,-0.01,-0.01
613786,1.49,8.76,-4.12,0.37,0.01,-0.04
613800,1.57,8.66,-4.31,0.58,0.0,-0.05
613813,1.57,8.28,-4.47,0.74,-0.02,-0.04
613827,1.58,8.06,-4.71,0.83,-0.06,-0.03
613841,1.56,8.01,-4.99,0.9,-0.08,-0.03
613854,1.49,7.88,-5.17,0.98,-0.08,-0.04
613868,1.51,7.77,-5.26,1.06,-0.09,-0.06
613882,1.47,7.73,-5.32,1.14,-0.11,-0.06
613895,1.44,7.27,-5.52,1.03,-0.11,-0.07
613909,1.51,7.2,-5.9,0.88,-0.1,-0.08
613923,1.42,6.84,-6.09,0.67,-0.08,-0.06
613936,1.33,6.55,-6.21,0.41,-0.04,-0.05
613950,1.3,6.32,-6.24,0.07,0.03,-0.05
613964,1.33,6.22,-6.29,-0.28,0.08,-0.04
613977,1.29,6.35,-6.31,-0.7,0.15,-0.03
613991,1.28,6.28,-6.23,-1.15,0.24,-0.02
614005,1.5,6.86,-5.95,-1.51,0.27,-0.02
614018,1.71,7.55,-5.61,-1.68,0.19,-0.01
614032,1.69,7.82,-5.1,-1.67,0.09,0.02
614046,1.53,8.1,-4.64,-1.52,0.01,0.06
614059,1.46,8.52,-4.29,-1.27,-0.04,0.08
614073,1.49,8.94,-4.05,-0.97,-0.04,0.08
614086,1.61,9.14,-4.0,-0.64,-0.05,0.06
614099,1.57,9.12,-3.92,-0.31,-0.06,0.04
614113,1.54,9.04,-4.0,0.0,-0.04,0.01
614127,1.52,8.84,-4.16,0.31,-0.01,-0.03
614140,1.59,8.76,-4.32,0.63,-0.0,-0.06
614154,1.62,8.39,-4.46,0.84,-0.03,-0.05
614168,1.53,8.17,-4.73,1.03,-0.08,-0.04
614181,1.5,7.96,-4.97,1.14,-0.09,-0.04
614195,1.49,7.78,-5.2,1.2,-0.09,-0.06
614209,1.51,7.49,-5.47,1.17,-0.07,-0.08
614223,1.55,7.13,-5.83,0.98,-0.08,-0.09
614236,1.48,6.78,-6.05,0.75,-0.07,-0.07
614250,1.33,6.44,-6.2,0.43,-0.05,-0.05
614264,1.29,6.46,-6.22,0.11,-0.0,-0.04
614277,1.32,6.52,-6.17,-0.18,0.04,-0.03
614291,1.3,6.61,-6.17,-0.51,0.09,-0.03
614305,1.4,6.8,-6.01,-0.82,0.15,-0.03
614318,1.41,6.86,-5.83,-1.15,0.2,-0.02
614332,1.57,7.31,-5.57,-1.38,0.2,-0.02
614346,1.67,7.8,-5.29,-1.45,0.13,-0.01
614359,1.56,7.86,-4.92,-1.4,0.06,0.02
614373,1.46,8.08,-4.63,-1.28,0.02,0.05
614387,1.48,8.41,-4.43,-1.09,0.01,0.05
614400,1.54,8.76,-4.31,-0.85,-0.01,0.04
614414,1.55,8.88,-4.18,-0.56,-0.02,0.03
614428,1.59,8.86,-4.09,-0.28,-0.03,0.02
614441,1.56,8.82,-4.08,-0.05,-0.03,0.01
614455,1.53,8.74,-4.16,0.21,-0.02,-0.01
614469,1.53,8.78,-4.22,0.51,-0.04,-0.02
614482,1.61,8.6,-4.33,0.77,-0.07,-0.02
614496,1.56,8.42,-4.6,1.03,-0.1,-0.02
614510,1.55,8.24,-4.94,1.25,-0.1,-0.03
614523,1.5,7.92,-5.1,1.37,-0.1,-0.05
614537,1.46,7.41,-5.37,1.36,-0.09,-0.07
614551,1.57,7.03,-5.85,1.14,-0.1,-0.09
614564,1.5,6.71,-6.16,0.87,-0.08,-0.09
614578,1.3,6.21,-6.31,0.44,-0.02,-0.06
614592,1.24,5.86,-6.45,-0.08,0.07,-0.05
614605,1.24,5.92,-6.59,-0.58,0.16,-0.06
614619,1.36,5.96,-6.44,-1.16,0.25,-0.04
614633,1.48,6.53,-6.14,-1.58,0.28,-0.04
614646,1.72,7.36,-5.7,-1.81,0.19,-0.02
614660,1.69,7.79,-5.09,-1.85,0.08,0.01
614674,1.57,8.14,-4.51,-1.74,0.01,0.06
614687,1.5,8.66,-4.09,-1.47,-0.05,0.09
614701,1.59,9.14,-3.83,-1.09,-0.07,0.09
614715,1.59,9.27,-3.64,-0.75,-0.09,0.09
614728,1.55,9.44,-3.64,-0.32,-0.08,0.06
614742,1.53,9.35,-3.7,0.1,-0.04,0.01
614756,1.56,9.19,-3.85,0.48,-0.01,-0.04
614769,1.59,8.95,-4.01,0.87,-0.01,-0.07
614783,1.58,8.54,-4.26,1.18,-0.05,-0.06
614797,1.57,8.3,-4.6,1.39,-0.09,-0.05
614810,1.49,8.02,-4.97,1.54,-0.11,-0.07
614824,1.46,7.59,-5.32,1.56,-0.1,-0.07
614838,1.61,7.07,-5.78,1.35,-0.11,-0.09
614852,1.53,6.69,-6.19,1.07,-0.09,-0.09
614865,1.36,6.26,-6.43,0.67,-0.05,-0.08
614879,1.28,6.0,-6.43,0.23,0.0,-0.06
614893,1.3,6.07,-6.37,-0.16,0.04,-0.04
614907,1.24,6.29,-6.34,-0.55,0.09,-0.02
614920,1.39,6.69,-6.11,-0.87,0.14,-0.02
614934,1.48,7.15,-5.85,-1.09,0.16,-0.02
614948,1.56,7.62,-5.51,-1.17,0.14,-0.01
614961,1.57,7.76,-5.18,-1.22,0.11,-0.0
614975,1.55,8.0,-4.98,-1.18,0.08,0.0
614989,1.53,8.21,-4.8,-1.06,0.05,0.01
615002,1.51,8.28,-4.64,-0.9,0.04,0.02
615016,1.53,8.4,-4.57,-0.72,0.03,0.02
615030,1.53,8.43,-4.52,-0.52,0.02,0.01
615043,1.57,8.5,-4.48,-0.32,0.0,0.01
615057,1.56,8.49,-4.43,-0.13,-0.01,0.01
615071,1.53,8.37,-4.54,0.04,-0.01,-0.0
615084,1.54,8.26,-4.69,0.16,-0.01,-0.02
615098,1.58,8.24,-4.77,0.28,-0.01,-0.03
615112,1.56,8.06,-4.83,0.36,-0.03,-0.02
615125,1.53,8.0,-4.9,0.45,-0.05,-0.01
615139,1.53,8.04,-4.97,0.53,-0.06,-0.01
615153,1.51,7.99,-5.04,0.62,-0.07,-0.01
615166,1.48,7.9,-5.17,0.71,-0.07,-0.02
615180,1.46,7.72,-5.29,0.74,-0.06,-0.03
615194,1.51,7.37,-5.46,0.66,-0.05,-0.05
615207,1.53,7.08,-5.74,0.44,-0.04,-0.05
615221,1.4,6.63,-6.06,0.1,0.02,-0.04
615235,1.38,6.64,-6.17,-0.22,0.07,-0.05
615248,1.4,6.62,-6.05,-0.56,0.12,-0.05
615262,1.49,6.82,-5.85,-0.81,0.13,-0.03
615276,1.58,7.38,-5.57,-0.99,0.09,-0.02
615289,1.54,7.81,-5.22,-1.03,0.05,0.0
615303,1.47,8.07,-4.86,-0.96,0.03,0.02
615317,1.47,8.31,-4.6,-0.83,0.02,0.02
615330,1.53,8.47,-4.46,-0.69,0.02,0.02
615344,1.6,8.65,-4.42,-0.5,0.01,0.01
615358,1.59,8.67,-4.47,-0.25,-0.0,0.0
615371,1.56,8.49,-4.53,-0.0,-0.0,-0.01
615385,1.53,8.19,-4.6,0.14,0.0,-0.02
615399,1.61,8.14,-4.75,0.24,-0.01,-0.03
615412,1.61,8.07,-4.9,0.3,-0.02,-0.02
615426,1.54,7.94,-4.98,0.35,-0.04,-0.01
615440,1.52,7.9,-5.02,0.39,-0.05,-0.02
615453,1.54,7.95,-5.07,0.45,-0.06,-0.02
615467,1.52,7.94,-5.16,0.53,-0.07,-0.02
615481,1.5,7.81,-5.25,0.61,-0.06,-0.03
615494,1.54,7.76,-5.29,0.68,-0.08,-0.03
615508,1.51,7.52,-5.38,0.65,-0.09,-0.04
615522,1.51,7.44,-5.63,0.59,-0.08,-0.06
615535,1.4,7.15,-5.83,0.47,-0.06,-0.05
615549,1.3,6.63,-6.01,0.21,-0.0,-0.05
615563,1.32,6.45,-6.28,-0.13,0.07,-0.06
615576,1.31,6.35,-6.33,-0.54,0.14,-0.06
615590,1.39,6.46,-6.11,-0.95,0.2,-0.04
615604,1.55,7.1,-5.82,-1.22,0.18,-0.03
615617,1.65,7.59,-5.44,-1.31,0.12,-0.01
615631,1.58,7.94,-4.99,-1.27,0.05,0.01
615645,1.54,8.21,-4.58,-1.13,0.01,0.04
615658,1.5,8.56,-4.35,-0.93,-0.0,0.04
615672,1.55,8.86,-4.25,-0.64,-0.01,0.03
615686,1.56,8.94,-4.2,-0.32,-0.01,0.01
615699,1.57,8.85,-4.23,-0.03,-0.01,-0.01
615713,1.56,8.51,-4.36,0.21,-0.0,-0.02
615727,1.57,8.44,-4.52,0.42,-0.02,-0.03
615740,1.59,8.27,-4.67,0.57,-0.05,-0.02
615754,1.52,8.06,-4.9,0.73,-0.07,-0.01
615768,1.51,7.97,-5.11,0.86,-0.08,-0.02
615781,1.53,7.75,-5.25,0.93,-0.08,-0.02
615795,1.54,7.59,-5.46,0.95,-0.09,-0.04
615809,1.5,7.32,-5.72,0.84,-0.1,-0.05
615822,1.5,7.05,-5.91,0.69,-0.08,-0.06
615836,1.36,6.7,-6.03,0.46,-0.05,-0.04
615850,1.36,6.63,-6.07,0.19,-0.02,-0.04
615863,1.37,6.51,-6.12,-0.12,0.03,-0.03
615877,1.38,6.7,-6.15,-0.41,0.07,-0.03
615891,1.38,6.7,-6.03,-0.71,0.13,-0.03
615904,1.45,6.82,-5.85,-0.99,0.17,-0.02
615918,1.56,7.26,-5.68,-1.2,0.18,-0.02
615932,1.63,7.76,-5.35,-1.27,0.12,-0.02
615945,1.61,7.98,-5.01,-1.21,0.07,0.0
615959,1.52,8.19,-4.67,-1.05,0.02,0.03
615973,1.5,8.47,-4.47,-0.82,-0.01,0.04
615986,1.54,8.7,-4.38,-0.57,-0.01,0.03
616000,1.56,8.82,-4.32,-0.28,-0.01,0.0
616014,1.6,8.7,-4.35,-0.03,-0.0,-0.01
616027,1.59,8.43,-4.48,0.18,-0.0,-0.02
616041,1.59,8.34,-4.63,0.34,-0.02,-0.03
616055,1.57,8.22,-4.71,0.49,-0.04,-0.02
616068,1.53,8.09,-4.85,0.63,-0.07,-0.01
616082,1.55,8.05,-5.06,0.78,-0.08,-0.02
616096,1.48,7.9,-5.26,0.89,-0.08,-0.03
616109,1.53,7.57,-5.42,0.93,-0.07,-0.04
616123,1.53,7.28,-5.67,0.83,-0.09,-0.06
616137,1.47,7.11,-5.88,0.69,-0.09,-0.06
616150,1.36,6.8,-6.02,0.48,-0.06,-0.05
616164,1.33,6.76,-6.06,0.28,-0.03,-0.06
616178,1.35,6.66,-6.1,0.03,0.02,-0.06
616191,1.37,6.62,-6.13,-0.25,0.07,-0.04
616205,1.31,6.56,-6.22,-0.61,0.13,-0.04
616219,1.36,6.48,-6.11,-1.0,0.2,-0.04
616232,1.49,6.73,-5.9,-1.4,0.25,-0.03
616246,1.68,7.5,-5.59,-1.59,0.19,-0.04
616260,1.69,7.77,-5.15,-1.6,0.11,-0.01
616274,1.57,8.06,-4.66,-1.46,0.02,0.04
616287,1.51,8.45,-4.3,-1.23,-0.02,0.06
616301,1.5,8.93,-4.08,-0.92,-0.03,0.06
616315,1.56,9.16,-3.92,-0.57,-0.03,0.04
616328,1.57,9.2,-3.85,-0.2,-0.02,0.01
616342,1.58,9.03,-3.95,0.11,-0.01,-0.01
616356,1.62,8.88,-4.07,0.43,-0.02,-0.02
616369,1.61,8.71,-4.22,0.72,-0.05,-0.03
616383,1.56,8.46,-4.34,0.97,-0.09,-0.01
616397,1.56,8.33,-4.68,1.22,-0.12,-0.01
616410,1.52,8.13,-5.12,1.43,-0.12,-0.03
616424,1.49,7.64,-5.42,1.49,-0.11,-0.06
616438,1.59,6.99,-5.85,1.31,-0.12,-0.08
616452,1.48,6.53,-6.15,0.99,-0.11,-0.09
616465,1.34,6.22,-6.44,0.59,-0.07,-0.06
616479,1.28,6.19,-6.54,0.26,-0.02,-0.05
616493,1.26,6.17,-6.46,-0.11,0.04,-0.04
616506,1.28,6.3,-6.34,-0.47,0.11,-0.03
616520,1.32,6.35,-6.33,-0.85,0.19,-0.04
616534,1.43,6.59,-6.13,-1.24,0.25,-0.03
616547,1.57,7.01,-5.8,-1.56,0.24,-0.03
616561,1.64,7.55,-5.43,-1.69,0.18,-0.02
616575,1.64,7.93,-4.95,-1.67,0.09,0.0
616588,1.56,8.26,-4.49,-1.49,0.02,0.04
616602,1.5,8.62,-4.19,-1.24,-0.02,0.06
616616,1.49,8.85,-4.02,-0.95,-0.02,0.06
616629,1.58,9.05,-3.98,-0.64,-0.01,0.03
616643,1.64,9.14,-4.0,-0.34,-0.01,0.01
616657,1.64,8.9,-4.06,-0.06,-0.01,-0.01
616670,1.53,8.65,-4.08,0.18,-0.01,-0.02
616684,1.58,8.61,-4.23,0.39,-0.01,-0.03
616698,1.62,8.55,-4.3,0.58,-0.03,-0.03
616711,1.59,8.32,-4.53,0.74,-0.06,-0.02
616725,1.57,8.21,-4.77,0.86,-0.08,-0.02
616739,1.53,8.14,-5.09,1.01,-0.09,-0.04
616752,1.5,7.84,-5.21,1.1,-0.08,-0.05
616766,1.46,7.51,-5.35,1.13,-0.08,-0.05
616780,1.48,7.22,-5.62,1.02,-0.08,-0.06
616793,1.54,7.04,-5.92,0.83,-0.1,-0.07
616807,1.43,6.81,-6.08,0.61,-0.08,-0.06
616821,1.33,6.59,-6.15,0.34,-0.04,-0.05
616834,1.36,6.66,-6.14,0.09,0.0,-0.05
616848,1.37,6.74,-6.11,-0.14,0.04,-0.04
616862,1.4,6.96,-5.95,-0.33,0.06,-0.03
616875,1.32,6.85,-5.98,-0.56,0.11,-0.03
616889,1.41,6.75,-5.97,-0.89,0.18,-0.04
616902,1.53,6.92,-5.86,-1.21,0.22,-0.04
616915,1.59,7.37,-5.66,-1.38,0.19,-0.04
616929,1.61,7.67,-5.25,-1.41,0.11,-0.01
616943,1.53,7.87,-4.9,-1.31,0.05,0.03
616956,1.46,8.02,-4.66,-1.22,0.03,0.05
616970,1.52,8.37,-4.49,-1.08,0.03,0.04
616984,1.6,8.74,-4.33,-0.88,0.02,0.02
616997,1.61,8.78,-4.19,-0.67,0.0,0.02
617011,1.58,8.78,-4.05,-0.42,-0.02,0.02
617025,1.58,8.79,-4.01,-0.18,-0.03,0.01
617039,1.53,8.78,-4.1,0.06,-0.02,-0.01
617052,1.52,8.61,-4.22,0.29,-0.01,-0.02
617066,1.59,8.62,-4.31,0.51,-0.02,-0.03
617080,1.6,8.45,-4.43,0.68,-0.05,-0.03
617093,1.56,8.3,-4.64,0.83,-0.08,-0.02
617107,1.55,8.16,-4.89,0.99,-0.1,-0.02
617121,1.51,7.96,-5.03,1.12,-0.1,-0.03
617134,1.49,7.79,-5.18,1.24,-0.11,-0.04
617148,1.52,7.55,-5.39,1.26,-0.12,-0.05
617162,1.59,7.2,-5.75,1.1,-0.13,-0.07
617175,1.49,6.87,-6.09,0.88,-0.11,-0.07
617189,1.33,6.46,-6.27,0.58,-0.07,-0.06
617203,1.33,6.39,-6.31,0.32,-0.03,-0.06
617216,1.3,6.41,-6.26,0.05,0.0,-0.04
617230,1.33,6.67,-6.16,-0.19,0.03,-0.03
617244,1.4,7.02,-5.97,-0.33,0.05,-0.02
617257,1.38,7.06,-5.93,-0.48,0.08,-0.02
617271,1.48,7.2,-5.84,-0.59,0.1,-0.02
617285,1.47,7.21,-5.76,-0.71,0.11,-0.02
617298,1.49,7.34,-5.62,-0.78,0.12,-0.01
617312,1.52,7.58,-5.5,-0.78,0.1,-0.01
617326,1.49,7.51,-5.46,-0.79,0.11,-0.01
617339,1.52,7.45,-5.36,-0.87,0.12,-0.02
617353,1.59,7.51,-5.34,-1.01,0.12,-0.02
617367,1.6,7.77,-5.22,-1.06,0.1,-0.02
617380,1.58,8.0,-4.98,-0.98,0.05,-0.0
617394,1.53,8.14,-4.74,-0.84,0.02,0.02
617408,1.51,8.3,-4.53,-0.66,-0.0,0.03
617421,1.53,8.59,-4.41,-0.43,-0.03,0.02
617435,1.55,8.73,-4.32,-0.19,-0.04,0.02
617449,1.54,8.67,-4.32,0.06,-0.04,0.01
617463,1.61,8.7,-4.34,0.33,-0.05,-0.01
617476,1.59,8.61,-4.42,0.61,-0.08,-0.01
617490,1.59,8.53,-4.51,0.97,-0.13,-0.0
617504,1.5,8.5,-4.85,1.31,-0.16,-0.01
617517,1.38,7.96,-5.21,1.56,-0.14,-0.04
617531,1.6,7.25,-5.66,1.46,-0.14,-0.09
617545,1.57,6.78,-6.11,1.21,-0.12,-0.1
617558,1.35,6.05,-6.43,0.71,-0.08,-0.07
617572,1.22,5.62,-6.67,0.16,0.02,-0.05
617586,1.16,5.7,-6.8,-0.35,0.11,-0.05
617599,1.26,5.71,-6.7,-0.89,0.21,-0.04
617613,1.48,6.45,-6.32,-1.27,0.22,-0.02
617627,1.51,7.09,-5.84,-1.48,0.19,-0.01
617640,1.67,7.83,-5.34,-1.48,0.12,0.01
617654,1.63,8.13,-4.89,-1.4,0.05,0.03
617668,1.56,8.4,-4.51,-1.22,0.0,0.05
617681,1.51,8.74,-4.25,-0.94,-0.02,0.06
617695,1.52,9.0,-4.19,-0.59,-0.03,0.05
617709,1.57,9.03,-4.17,-0.18,-0.03,0.02
617722,1.54,8.79,-4.27,0.17,-0.01,-0.01
617736,1.58,8.56,-4.42,0.44,-0.01,-0.03
617750,1.59,8.4,-4.63,0.67,-0.04,-0.03
617763,1.54,8.07,-4.8,0.86,-0.08,-0.02
617777,1.53,7.99,-5.09,1.0,-0.1,-0.01
617791,1.53,7.72,-5.38,1.09,-0.11,-0.03
617804,1.6,7.33,-5.8,1.03,-0.12,-0.05
617818,1.5,6.91,-6.1,0.91,-0.11,-0.07
617832,1.38,6.42,-6.26,0.64,-0.07,-0.07
617845,1.35,6.35,-6.31,0.33,-0.03,-0.06
617859,1.32,6.41,-6.3,0.03,0.01,-0.04
617873,1.33,6.6,-6.25,-0.26,0.05,-0.03
617886,1.34,6.91,-6.18,-0.47,0.1,-0.03
617900,1.3,6.68,-6.18,-0.75,0.17,-0.05
617914,1.45,6.67,-6.08,-1.12,0.25,-0.05
617928,1.55,6.97,-5.85,-1.43,0.25,-0.04
617941,1.64,7.44,-5.57,-1.57,0.19,-0.03
617955,1.6,7.87,-5.08,-1.53,0.11,0.0
617969,1.52,8.15,-4.64,-1.37,0.04,0.05
617982,1.45,8.48,-4.27,-1.15,0.01,0.07
617996,1.48,8.87,-4.08,-0.83,-0.01,0.07
618010,1.57,9.1,-4.0,-0.46,-0.02,0.06
618023,1.55,9.14,-4.01,-0.1,-0.02,0.04
618037,1.61,8.85,-4.07,0.21,-0.01,0.01
618051,1.68,8.87,-4.19,0.56,-0.05,-0.01
618064,1.66,8.66,-4.31,0.88,-0.09,0.0
618078,1.58,8.3,-4.5,1.19,-0.12,0.01
618092,1.67,8.05,-4.83,1.4,-0.13,-0.0
618105,1.74,7.67,-5.17,1.44,-0.15,-0.03
618119,1.75,7.28,-5.6,1.29,-0.17,-0.06
618133,1.65,6.91,-6.11,1.06,-0.15,-0.09
618146,1.41,6.43,-6.42,0.77,-0.1,-0.09
618160,1.23,5.84,-6.66,0.34,-0.0,-0.08
618174,1.21,5.59,-6.77,-0.16,0.1,-0.07
618188,1.19,5.53,-6.74,-0.77,0.19,-0.06
